,index,distance,used_time,pert point,ori point
0,0,0.04952512314775959,292.4964020252228,"[0.00000000e+00 0.00000000e+00 0.00000000e+00 0.00000000e+00
 0.00000000e+00 0.00000000e+00 0.00000000e+00 0.00000000e+00
 7.00827208e-03 6.66973052e-02 3.23636654e-01 6.09930322e-01
 6.18290462e-01 3.78389254e-01 2.29185817e-01 2.45055914e-01
 4.50513177e-01 6.58023152e-01 4.81334255e-01 2.54649206e-01
 8.87714497e-03 0.00000000e+00 7.37591955e-03 0.00000000e+00
 0.00000000e+00 2.33609082e-04 0.00000000e+00 0.00000000e+00
 0.00000000e+00 0.00000000e+00 0.00000000e+00 0.00000000e+00
 0.00000000e+00 6.77466303e-03 2.89675246e-02 4.90579050e-02
 4.53898595e-01 6.46273765e-01 6.58689512e-01 6.35726891e-01
 6.59256301e-01 8.33758435e-01 9.63120407e-01 8.39265481e-01
 7.26106787e-01 6.59022692e-01 6.38197019e-01 6.79932617e-01
 7.74517477e-01 1.53956037e-01 3.41069255e-02 2.38625931e-02
 0.00000000e+00 0.00000000e+00 0.00000000e+00 0.00000000e+00
 0.00000000e+00 0.00000000e+00 0.00000000e+00 0.00000000e+00
 9.34436308e-03 5.98881749e-02 4.88242960e-02 1.97694552e-01
 7.03128847e-01 6.46223979e-01 6.23445182e-01 6.04438596e-01
 5.93091323e-01 5.37588110e-01 5.29093931e-01 5.54859861e-01
 5.70779744e-01 5.94542763e-01 6.20641873e-01 6.12565127e-01
 6.74559609e-01 5.48517950e-01 4.95251231e-02 4.78898598e-02
 1.14468446e-02 0.00000000e+00 0.00000000e+00 0.00000000e+00
 0.00000000e+00 0.00000000e+00 2.33609082e-04 0.00000000e+00
 3.43405346e-02 6.65632673e-02 4.22832425e-02 4.19856777e-01
 7.18164079e-01 6.27083356e-01 6.51030198e-01 6.22326922e-01
 6.24146009e-01 6.17187523e-01 6.26148919e-01 6.34459274e-01
 6.15368436e-01 6.32456364e-01 6.16953914e-01 6.32590402e-01
 6.85206054e-01 7.12840857e-01 9.09275445e-02 4.78898598e-02
 3.85454976e-02 0.00000000e+00 0.00000000e+00 0.00000000e+00
 0.00000000e+00 0.00000000e+00 0.00000000e+00 0.00000000e+00
 4.34512877e-02 4.46193330e-02 4.36848968e-02 5.41325855e-01
 6.83053787e-01 7.06399374e-01 6.25448092e-01 6.09712033e-01
 6.21993742e-01 6.08459735e-01 6.07291690e-01 6.34692883e-01
 5.98881764e-01 6.07192119e-01 6.11397082e-01 6.51030198e-01
 6.82169137e-01 7.24322167e-01 2.26681223e-01 4.55537692e-02
 4.46193330e-02 3.97135437e-03 0.00000000e+00 0.00000000e+00
 0.00000000e+00 0.00000000e+00 0.00000000e+00 2.12584258e-02
 4.78898598e-02 4.22832425e-02 4.81234688e-02 6.67133905e-01
 6.89962488e-01 6.98223057e-01 6.43654280e-01 6.02435685e-01
 5.90621195e-01 6.02336114e-01 6.20775911e-01 6.22411174e-01
 5.96178027e-01 6.16019478e-01 5.83478885e-01 6.15736083e-01
 6.93466624e-01 7.30997259e-01 3.51420813e-01 4.08815881e-02
 4.41521149e-02 2.38281254e-02 0.00000000e+00 0.00000000e+00
 0.00000000e+00 0.00000000e+00 0.00000000e+00 4.25168515e-02
 4.57873783e-02 4.04143700e-02 4.88242960e-02 6.52198244e-01
 6.65265032e-01 7.90939044e-01 6.41551798e-01 5.74517489e-01
 6.96269932e-01 6.17187523e-01 6.09294600e-01 6.77079523e-01
 6.16436910e-01 6.12515342e-01 6.48694108e-01 7.31464477e-01
 7.38422963e-01 7.15360771e-01 5.39556553e-01 3.94799338e-02
 4.27504606e-02 4.36848968e-02 0.00000000e+00 0.00000000e+00
 0.00000000e+00 0.00000000e+00 4.67218154e-03 4.71890326e-02
 4.39185058e-02 4.11151972e-02 9.25628079e-02 6.94634669e-01
 6.83053787e-01 7.23939202e-01 7.27025905e-01 6.83138040e-01
 6.18524071e-01 6.57555933e-01 6.72774989e-01 6.46124408e-01
 6.73391564e-01 6.98690275e-01 6.49111541e-01 8.07276360e-01
 7.35336260e-01 7.28527130e-01 6.10512431e-01 3.90127157e-02
 4.04143700e-02 4.39185058e-02 3.73774532e-03 0.00000000e+00
 0.00000000e+00 0.00000000e+00 2.66314340e-02 4.90579050e-02
 4.41521149e-02 4.20496334e-02 2.13798258e-01 7.28059912e-01
 7.28010127e-01 6.06759366e-01 6.25532345e-01 6.99375782e-01
 6.82621034e-01 6.35094995e-01 6.08513347e-01 6.41103725e-01
 6.62894475e-01 6.58758444e-01 7.42781109e-01 2.51562503e-01
 7.17915150e-01 7.68811288e-01 6.13032345e-01 3.87791066e-02
 3.90127157e-02 4.01807610e-02 2.49961706e-02 0.00000000e+00
 0.00000000e+00 0.00000000e+00 0.00000000e+00 1.49509813e-02
 3.83118885e-02 4.67218145e-02 3.60431995e-01 7.25539998e-01
 7.40659482e-01 6.16655199e-01 5.56629162e-01 7.62871489e-01
 6.29637735e-01 6.44573396e-01 6.39518248e-01 6.51233167e-01
 6.57655504e-01 5.93627472e-01 7.61971519e-01 1.81958493e-01
 7.19550415e-01 8.06675103e-01 6.63262122e-01 3.94799338e-02
 2.56969978e-02 6.54105398e-03 0.00000000e+00 0.00000000e+00
 0.00000000e+00 0.00000000e+00 0.00000000e+00 0.00000000e+00
 0.00000000e+00 1.40165442e-02 4.20840999e-01 7.50237454e-01
 7.73100504e-01 7.11374096e-01 5.49069420e-01 7.86083040e-01
 6.34160559e-01 6.47943495e-01 6.84122261e-01 6.10447325e-01
 6.38549346e-01 6.84306085e-01 8.56188732e-01 2.03619031e-01
 6.55319414e-01 7.88568487e-01 7.09018859e-01 6.05085792e-02
 0.00000000e+00 0.00000000e+00 0.00000000e+00 0.00000000e+00
 0.00000000e+00 0.00000000e+00 0.00000000e+00 0.00000000e+00
 0.00000000e+00 0.00000000e+00 4.64682905e-01 7.38189354e-01
 8.67218145e-01 4.80116425e-01 4.16253070e-01 7.86634510e-01
 6.69604033e-01 6.50229800e-01 6.03121192e-01 7.08769932e-01
 6.35895395e-01 6.10830293e-01 8.09363521e-01 1.22200524e-01
 6.21109091e-01 7.65540762e-01 6.74896615e-01 1.99149818e-01
 0.00000000e+00 2.33609082e-04 2.33609082e-04 0.00000000e+00
 0.00000000e+00 0.00000000e+00 0.00000000e+00 0.00000000e+00
 0.00000000e+00 0.00000000e+00 5.31066201e-01 7.43129611e-01
 9.19833798e-01 1.80089621e-01 4.86841302e-01 7.95645692e-01
 6.24280047e-01 6.48410713e-01 6.97372872e-01 6.12882989e-01
 6.49394935e-01 6.61711111e-01 7.92091769e-01 2.75658702e-02
 3.14774829e-01 8.01137417e-01 6.34329062e-01 2.47560522e-01
 0.00000000e+00 0.00000000e+00 0.00000000e+00 0.00000000e+00
 0.00000000e+00 0.00000000e+00 0.00000000e+00 0.00000000e+00
 0.00000000e+00 0.00000000e+00 6.15889266e-01 7.23939202e-01
 8.80016858e-01 9.06939355e-02 6.94117665e-01 6.80066655e-01
 6.83521005e-01 6.73391564e-01 6.25030660e-01 6.63729340e-01
 6.60742208e-01 6.16019478e-01 7.95611225e-01 2.64028035e-01
 1.71411619e-01 8.23031564e-01 6.41704981e-01 3.36305155e-01
 0.00000000e+00 0.00000000e+00 0.00000000e+00 0.00000000e+00
 0.00000000e+00 0.00000000e+00 0.00000000e+00 0.00000000e+00
 0.00000000e+00 4.67218165e-04 6.08513347e-01 7.41812207e-01
 8.50746792e-01 1.10952823e-01 8.38832730e-01 7.15778203e-01
 6.04438596e-01 6.20358479e-01 6.83287396e-01 6.47108630e-01
 6.48276675e-01 6.26566352e-01 7.03312671e-01 5.81192580e-01
 8.63549345e-02 9.44500613e-01 6.52768859e-01 3.76872708e-01
 0.00000000e+00 0.00000000e+00 0.00000000e+00 0.00000000e+00
 0.00000000e+00 0.00000000e+00 0.00000000e+00 0.00000000e+00
 0.00000000e+00 7.00827220e-04 6.26953144e-01 7.74536623e-01
 6.96086109e-01 3.75084262e-01 7.57046583e-01 5.78856490e-01
 6.73575387e-01 6.85340092e-01 6.58356332e-01 6.36278361e-01
 6.43887889e-01 6.88093615e-01 6.35060530e-01 7.66942416e-01
 1.54607079e-01 8.62714466e-01 6.63832737e-01 4.39801626e-01
 0.00000000e+00 0.00000000e+00 0.00000000e+00 0.00000000e+00
 0.00000000e+00 0.00000000e+00 0.00000000e+00 0.00000000e+00
 0.00000000e+00 2.62829353e-02 6.49080900e-01 7.66325839e-01
 6.44688287e-01 5.12006003e-01 8.27117811e-01 7.03779889e-01
 6.75677869e-01 6.74977041e-01 6.27267179e-01 7.00141715e-01
 6.94818492e-01 5.96361850e-01 6.98690275e-01 7.76604640e-01
 3.64587173e-01 7.40877771e-01 7.59719680e-01 4.65383732e-01
 0.00000000e+00 0.00000000e+00 0.00000000e+00 0.00000000e+00
 0.00000000e+00 0.00000000e+00 0.00000000e+00 0.00000000e+00
 0.00000000e+00 0.00000000e+00 6.60144778e-01 8.01202524e-01
 5.97395857e-01 5.96128241e-01 8.16521151e-01 6.98740061e-01
 6.35577534e-01 6.96871188e-01 6.96637579e-01 6.19891260e-01
 6.82586569e-01 6.77730565e-01 6.47759672e-01 7.68995112e-01
 4.99873623e-01 6.93267480e-01 7.37591924e-01 4.86810689e-01
 0.00000000e+00 0.00000000e+00 0.00000000e+00 0.00000000e+00
 0.00000000e+00 0.00000000e+00 0.00000000e+00 0.00000000e+00
 0.00000000e+00 0.00000000e+00 6.78584574e-01 7.92758131e-01
 6.01501249e-01 6.55135590e-01 7.53125015e-01 7.55411320e-01
 6.69887428e-01 7.10688590e-01 6.17087952e-01 6.95469534e-01
 6.90896924e-01 6.28435224e-01 7.04714325e-01 6.95936752e-01
 7.19749557e-01 7.89487604e-01 7.00712330e-01 5.16314364e-01
 0.00000000e+00 0.00000000e+00 0.00000000e+00 0.00000000e+00
 0.00000000e+00 0.00000000e+00 0.00000000e+00 0.00000000e+00
 0.00000000e+00 7.37591955e-03 6.82272534e-01 8.00183835e-01
 7.65356938e-01 6.16620734e-01 7.90004608e-01 8.70438886e-01
 5.92440282e-01 6.80951306e-01 7.24739600e-01 6.47108630e-01
 6.81701918e-01 6.77496955e-01 6.75210650e-01 6.65265032e-01
 7.26424649e-01 8.29687510e-01 6.78584574e-01 4.86810689e-01
 2.33609082e-04 0.00000000e+00 0.00000000e+00 0.00000000e+00
 0.00000000e+00 0.00000000e+00 0.00000000e+00 0.00000000e+00
 0.00000000e+00 3.31916376e-02 6.67520696e-01 8.18573847e-01
 7.83329517e-01 6.36929403e-01 7.09103112e-01 8.13717842e-01
 6.44305321e-01 7.18298117e-01 6.45423581e-01 6.89261661e-01
 6.90663315e-01 6.78848824e-01 6.80951306e-01 6.63629769e-01
 6.49862153e-01 7.83513340e-01 6.60144778e-01 4.83122729e-01
 2.33609082e-04 0.00000000e+00 0.00000000e+00 0.00000000e+00
 0.00000000e+00 0.00000000e+00 0.00000000e+00 0.00000000e+00
 4.67218165e-04 5.90073564e-02 6.45392940e-01 8.86358769e-01
 7.79641557e-01 6.36511970e-01 7.20400599e-01 8.42336866e-01
 6.23112002e-01 6.80016870e-01 7.00325539e-01 6.95052102e-01
 6.82820178e-01 6.41785407e-01 7.14610158e-01 5.94960196e-01
 6.99858321e-01 8.48544739e-01 7.44967843e-01 6.67520696e-01
 0.00000000e+00 0.00000000e+00 0.00000000e+00 0.00000000e+00
 0.00000000e+00 0.00000000e+00 0.00000000e+00 0.00000000e+00
 2.33609082e-04 0.00000000e+00 5.07965695e-02 3.38020845e-01
 7.61668979e-01 6.75494045e-01 7.81043212e-01 8.12365973e-01
 6.45940585e-01 6.74743432e-01 7.00375324e-01 6.51030198e-01
 7.04013498e-01 7.28710954e-01 6.72457127e-01 6.31188747e-01
 7.68995112e-01 6.40199930e-01 2.22679229e-01 5.53193936e-02
 7.00827220e-04 0.00000000e+00 0.00000000e+00 0.00000000e+00
 0.00000000e+00 0.00000000e+00 0.00000000e+00 0.00000000e+00
 7.00827220e-04 0.00000000e+00 1.02787993e-02 4.36848968e-02
 7.82628689e-01 7.13258289e-01 7.53358624e-01 7.83329517e-01
 6.60225204e-01 6.84872874e-01 6.63028513e-01 7.03128847e-01
 7.16011812e-01 6.59290768e-01 7.55644929e-01 6.24046438e-01
 7.03079062e-01 4.91563268e-01 9.34436308e-03 0.00000000e+00
 7.00827220e-04 0.00000000e+00 0.00000000e+00 0.00000000e+00
 0.00000000e+00 0.00000000e+00 0.00000000e+00 0.00000000e+00
 4.67218165e-04 3.68795978e-03 1.21476717e-02 2.59221816e-01
 8.10546886e-01 7.43278968e-01 7.62419591e-01 7.96729485e-01
 6.60692422e-01 6.75961263e-01 7.58080590e-01 6.27833968e-01
 7.34317571e-01 7.34968613e-01 6.80767482e-01 6.62561295e-01
 7.22920513e-01 8.62461712e-01 1.63526356e-02 0.00000000e+00
 1.40165444e-03 0.00000000e+00 0.00000000e+00 0.00000000e+00
 0.00000000e+00 0.00000000e+00 0.00000000e+00 0.00000000e+00
 9.34436330e-04 1.84397984e-02 2.49961706e-02 3.61500470e-01
 7.98916219e-01 7.09987762e-01 7.08302713e-01 7.37289383e-01
 6.89112302e-01 6.98774526e-01 6.65632679e-01 6.81786171e-01
 7.67493886e-01 7.29028815e-01 7.20067419e-01 6.61994505e-01
 6.86875785e-01 7.39541223e-01 3.08363988e-02 0.00000000e+00
 1.40165444e-03 0.00000000e+00 0.00000000e+00 0.00000000e+00
 0.00000000e+00 0.00000000e+00 0.00000000e+00 0.00000000e+00
 7.00827220e-04 1.84397984e-02 3.15372259e-02 5.32081063e-01
 8.59792441e-01 7.90755221e-01 7.59382674e-01 9.83413757e-01
 7.34083962e-01 6.89127623e-01 7.40058226e-01 6.35443496e-01
 7.74601729e-01 7.57981019e-01 7.69646153e-01 7.17597290e-01
 7.49203446e-01 7.49437055e-01 1.33949909e-01 0.00000000e+00
 4.67218165e-04 0.00000000e+00 0.00000000e+00 0.00000000e+00
 0.00000000e+00 0.00000000e+00 0.00000000e+00 0.00000000e+00
 2.33609082e-04 1.47518391e-02 0.00000000e+00 3.67953436e-02
 3.09853718e-01 3.78856472e-01 3.50620415e-01 4.88943783e-01
 5.98180937e-01 6.49812368e-01 5.76053181e-01 6.33942271e-01
 6.61159640e-01 6.38331057e-01 6.26566352e-01 3.39039533e-01
 2.25214463e-01 3.96013332e-01 3.31916376e-02 0.00000000e+00
 0.00000000e+00 0.00000000e+00 0.00000000e+00 0.00000000e+00]","[0.         0.         0.         0.         0.         0.
 0.         0.         0.         0.02745098 0.30588236 0.627451
 0.63137257 0.37254903 0.21960784 0.23921569 0.4509804  0.66666669
 0.47058824 0.21960784 0.         0.         0.00784314 0.
 0.         0.         0.         0.         0.         0.
 0.         0.         0.         0.         0.         0.
 0.42352942 0.63529414 0.65098041 0.61960787 0.64313728 0.82745099
 0.96078432 0.83529413 0.71372551 0.64313728 0.627451   0.67058825
 0.7647059  0.10980392 0.         0.01568628 0.         0.
 0.         0.         0.         0.         0.         0.
 0.         0.01176471 0.         0.16078432 0.7019608  0.63921571
 0.61176473 0.60000002 0.59215689 0.52941179 0.51764709 0.54901963
 0.56470591 0.58823532 0.61176473 0.60392159 0.67058825 0.53333336
 0.         0.         0.         0.         0.         0.
 0.         0.         0.         0.         0.         0.01960784
 0.         0.40000001 0.71372551 0.61960787 0.64705884 0.60784316
 0.61176473 0.60784316 0.61960787 0.627451   0.60392159 0.61960787
 0.60784316 0.627451   0.67843139 0.70980394 0.05098039 0.
 0.         0.         0.         0.         0.         0.
 0.         0.         0.         0.         0.         0.52941179
 0.68235296 0.7019608  0.61960787 0.60784316 0.6156863  0.59607846
 0.59607846 0.627451   0.59607846 0.60392159 0.60392159 0.64705884
 0.67843139 0.72549021 0.19607843 0.         0.         0.
 0.         0.         0.         0.         0.         0.
 0.         0.         0.         0.66666669 0.6901961  0.7019608
 0.63921571 0.59215689 0.58431375 0.60000002 0.61960787 0.61960787
 0.58823532 0.60784316 0.57647061 0.61176473 0.6901961  0.73333335
 0.32549021 0.         0.         0.         0.         0.
 0.         0.         0.         0.         0.         0.
 0.         0.64705884 0.66666669 0.79607844 0.63921571 0.56470591
 0.6901961  0.60784316 0.60392159 0.67450982 0.61176473 0.60784316
 0.64705884 0.73333335 0.73725492 0.71372551 0.52156866 0.
 0.         0.         0.         0.         0.         0.
 0.         0.         0.         0.         0.05098039 0.6901961
 0.68235296 0.73725492 0.73333335 0.69411767 0.63137257 0.66666669
 0.68235296 0.64705884 0.67058825 0.7019608  0.65098041 0.81568629
 0.74117649 0.72549021 0.60000002 0.         0.         0.
 0.         0.         0.         0.         0.         0.
 0.         0.         0.18039216 0.72549021 0.72941178 0.61960787
 0.63137257 0.72156864 0.69803923 0.65098041 0.64705884 0.67450982
 0.65098041 0.68235296 0.78039217 0.22352941 0.73333335 0.77254903
 0.60392159 0.         0.         0.         0.         0.
 0.         0.         0.         0.         0.         0.
 0.33333334 0.72156864 0.74509805 0.63137257 0.55686277 0.78039217
 0.63921571 0.65882355 0.67058825 0.68627453 0.65882355 0.62352943
 0.79607844 0.14901961 0.73333335 0.80784315 0.65882355 0.
 0.         0.         0.         0.         0.         0.
 0.         0.         0.         0.         0.39607844 0.74509805
 0.78431374 0.73333335 0.54509807 0.79215688 0.65098041 0.65098041
 0.6901961  0.62352943 0.65490198 0.69411767 0.88235295 0.17254902
 0.65882355 0.78039217 0.69803923 0.05490196 0.         0.
 0.         0.         0.         0.         0.         0.
 0.         0.         0.49411765 0.73725492 0.87843138 0.47450981
 0.40784314 0.80392158 0.67450982 0.65490198 0.61176473 0.71764708
 0.64313728 0.61176473 0.83529413 0.09019608 0.61176473 0.77254903
 0.71764708 0.21176471 0.         0.         0.         0.
 0.         0.         0.         0.         0.         0.
 0.56470591 0.75294119 0.92941177 0.14901961 0.47843137 0.81176472
 0.61960787 0.65098041 0.71372551 0.6156863  0.64705884 0.67058825
 0.81568629 0.         0.28627452 0.8392157  0.67450982 0.26274511
 0.         0.         0.         0.         0.         0.
 0.         0.         0.         0.         0.65490198 0.73725492
 0.88235295 0.05098039 0.69411767 0.67843139 0.68235296 0.67058825
 0.6156863  0.65882355 0.65490198 0.60784316 0.79607844 0.23529412
 0.13333334 0.86274511 0.68235296 0.35686275 0.         0.
 0.         0.         0.         0.         0.         0.
 0.         0.         0.64705884 0.7647059  0.8509804  0.07450981
 0.8509804  0.71764708 0.60000002 0.6156863  0.68235296 0.64313728
 0.64313728 0.62352943 0.70588237 0.57254905 0.04313726 0.99215686
 0.69411767 0.40000001 0.         0.         0.         0.
 0.         0.         0.         0.         0.         0.
 0.66666669 0.80000001 0.68627453 0.35686275 0.76078433 0.57254905
 0.67450982 0.68627453 0.65882355 0.63137257 0.63921571 0.6901961
 0.63529414 0.77254903 0.11372549 0.90196079 0.70588237 0.46666667
 0.         0.         0.         0.         0.         0.
 0.         0.         0.         0.02745098 0.6901961  0.78431374
 0.63137257 0.50196081 0.83529413 0.70588237 0.67450982 0.67450982
 0.62352943 0.69803923 0.69411767 0.59215689 0.7019608  0.78431374
 0.33725491 0.7647059  0.80784315 0.49411765 0.         0.
 0.         0.         0.         0.         0.         0.
 0.         0.         0.7019608  0.81568629 0.58431375 0.59215689
 0.82352942 0.69803923 0.63137257 0.69803923 0.69803923 0.6156863
 0.68235296 0.67843139 0.64705884 0.7764706  0.48235294 0.70588237
 0.78431374 0.51764709 0.         0.         0.         0.
 0.         0.         0.         0.         0.         0.
 0.72156864 0.80000001 0.59215689 0.65490198 0.75686276 0.76078433
 0.67058825 0.71372551 0.6156863  0.69803923 0.6901961  0.62352943
 0.70588237 0.69803923 0.71764708 0.80000001 0.74509805 0.54901963
 0.         0.         0.         0.         0.         0.
 0.         0.         0.         0.00784314 0.72549021 0.80392158
 0.76862746 0.6156863  0.79607844 0.88235295 0.58823532 0.68235296
 0.72941178 0.64313728 0.67843139 0.67843139 0.67450982 0.66666669
 0.72549021 0.83529413 0.72156864 0.51764709 0.         0.
 0.         0.         0.         0.         0.         0.
 0.         0.03529412 0.70980394 0.82745099 0.78823531 0.63529414
 0.70980394 0.82352942 0.64313728 0.72156864 0.64705884 0.6901961
 0.6901961  0.68235296 0.68235296 0.66666669 0.64705884 0.79215688
 0.7019608  0.51372552 0.         0.         0.         0.
 0.         0.         0.         0.         0.         0.0627451
 0.68627453 0.89803922 0.78431374 0.63137257 0.72156864 0.8509804
 0.61960787 0.68235296 0.7019608  0.69411767 0.68235296 0.63921571
 0.71764708 0.59215689 0.7019608  0.85882354 0.79215688 0.70980394
 0.         0.         0.         0.         0.         0.
 0.         0.         0.         0.         0.04705882 0.3137255
 0.7647059  0.67058825 0.78431374 0.81960785 0.64313728 0.67450982
 0.69803923 0.64705884 0.70588237 0.72941178 0.67058825 0.627451
 0.7764706  0.63529414 0.23529412 0.05882353 0.         0.
 0.         0.         0.         0.         0.         0.
 0.         0.         0.         0.         0.78823531 0.71372551
 0.75686276 0.78823531 0.65882355 0.68627453 0.65882355 0.7019608
 0.71764708 0.65882355 0.76078433 0.61960787 0.70588237 0.47450981
 0.         0.         0.         0.         0.         0.
 0.         0.         0.         0.         0.         0.00392157
 0.         0.22745098 0.81568629 0.74117649 0.76078433 0.80000001
 0.65882355 0.67058825 0.75294119 0.6156863  0.72941178 0.73333335
 0.67843139 0.65882355 0.72549021 0.86666667 0.         0.
 0.         0.         0.         0.         0.         0.
 0.         0.         0.         0.01960784 0.         0.34117648
 0.81176472 0.71372551 0.71764708 0.75294119 0.7019608  0.71372551
 0.67450982 0.6901961  0.78431374 0.74117649 0.72941178 0.66666669
 0.69411767 0.74117649 0.         0.         0.         0.
 0.         0.         0.         0.         0.         0.
 0.         0.01960784 0.         0.52156866 0.87450981 0.79215688
 0.76078433 1.         0.72941178 0.68235296 0.73725492 0.62352943
 0.7764706  0.76078433 0.78039217 0.72156864 0.75294119 0.75294119
 0.12156863 0.         0.         0.         0.         0.
 0.         0.         0.         0.         0.         0.01568628
 0.         0.02745098 0.30588236 0.37254903 0.33333334 0.47843137
 0.59607846 0.65098041 0.57254905 0.63137257 0.65882355 0.63529414
 0.62352943 0.32549021 0.21960784 0.41960785 0.03529412 0.
 0.         0.         0.         0.        ]"
1,1,0.05126953125,317.38649439811707,"[0.00000000e+00 0.00000000e+00 0.00000000e+00 0.00000000e+00
 0.00000000e+00 0.00000000e+00 0.00000000e+00 0.00000000e+00
 0.00000000e+00 6.23276655e-03 3.59892013e-02 4.08145686e-02
 3.25712327e-02 5.06384067e-01 7.48217310e-01 7.81198313e-01
 6.27048889e-01 1.04065185e-01 2.71426945e-02 8.24333667e-03
 0.00000000e+00 0.00000000e+00 0.00000000e+00 2.01056997e-04
 0.00000000e+00 0.00000000e+00 0.00000000e+00 0.00000000e+00
 0.00000000e+00 0.00000000e+00 0.00000000e+00 0.00000000e+00
 6.03170968e-04 0.00000000e+00 0.00000000e+00 3.07617200e-02
 5.07678467e-02 4.74494488e-02 4.92589615e-02 4.73598349e-01
 9.42382816e-01 8.77223123e-01 6.50271926e-01 5.20053998e-01
 7.94366587e-01 9.65309055e-01 5.80688980e-01 4.76505057e-02
 4.58409930e-02 3.68968308e-02 0.00000000e+00 0.00000000e+00
 6.03170968e-04 0.00000000e+00 0.00000000e+00 0.00000000e+00
 0.00000000e+00 0.00000000e+00 0.00000000e+00 4.02113994e-04
 0.00000000e+00 0.00000000e+00 4.16187965e-02 4.90579045e-02
 4.50367651e-02 4.48357081e-02 4.39209947e-01 9.94973576e-01
 6.93510665e-01 4.40314802e-02 4.10156256e-02 4.82536767e-02
 4.82536767e-02 5.32825932e-01 9.85521983e-01 6.76518478e-01
 4.50367651e-02 5.02642464e-02 3.46832888e-02 0.00000000e+00
 0.00000000e+00 0.00000000e+00 0.00000000e+00 0.00000000e+00
 0.00000000e+00 0.00000000e+00 0.00000000e+00 4.02113994e-04
 0.00000000e+00 2.47300092e-02 4.94600185e-02 5.71040149e-02
 4.30261953e-02 4.24230244e-02 9.07391243e-01 7.69531264e-01
 4.50367651e-02 4.32272523e-02 4.43359388e-02 5.46894155e-02
 4.30261953e-02 4.32272523e-02 5.49417919e-01 9.90751379e-01
 3.88631672e-01 4.34283093e-02 7.24877456e-02 3.41796893e-03
 0.00000000e+00 0.00000000e+00 0.00000000e+00 0.00000000e+00
 0.00000000e+00 0.00000000e+00 0.00000000e+00 0.00000000e+00
 0.00000000e+00 3.59892013e-02 4.84547336e-02 5.55951293e-02
 4.46346511e-02 4.20808447e-01 9.93164063e-01 3.89636957e-01
 4.34283093e-02 5.05667897e-02 4.52378221e-02 4.56399360e-02
 4.69477642e-02 4.34283093e-02 4.48357081e-02 8.52588857e-01
 6.77523763e-01 4.36293663e-02 4.74494488e-02 3.21691188e-02
 0.00000000e+00 0.00000000e+00 0.00000000e+00 0.00000000e+00
 0.00000000e+00 0.00000000e+00 0.00000000e+00 0.00000000e+00
 0.00000000e+00 4.36293663e-02 4.48357081e-02 5.53940723e-02
 4.42325372e-02 6.06230875e-01 9.23278574e-01 4.52378221e-02
 4.58409930e-02 4.95615048e-02 4.42325372e-02 4.60420499e-02
 4.58409930e-02 4.87572769e-02 4.42325372e-02 5.41976896e-01
 8.32981015e-01 4.44335942e-02 4.36293663e-02 5.00651051e-02
 0.00000000e+00 0.00000000e+00 0.00000000e+00 0.00000000e+00
 0.00000000e+00 0.00000000e+00 0.00000000e+00 0.00000000e+00
 1.12591913e-02 4.70473348e-02 4.32272523e-02 4.50367651e-02
 4.38304232e-02 7.21164615e-01 8.25741049e-01 4.52378221e-02
 4.60420499e-02 4.91593909e-02 4.52378221e-02 4.56399360e-02
 4.60420499e-02 4.54388790e-02 4.48357081e-02 2.30258122e-01
 8.61739821e-01 7.77171435e-02 4.40314802e-02 6.15272683e-02
 8.24333667e-03 0.00000000e+00 0.00000000e+00 0.00000000e+00
 0.00000000e+00 0.00000000e+00 3.72051186e-03 0.00000000e+00
 2.47300092e-02 4.78515627e-02 4.73498781e-02 4.56399360e-02
 4.46346511e-02 7.91653275e-01 6.50072784e-01 4.44335942e-02
 4.40314802e-02 4.38304232e-02 4.66452209e-02 4.38304232e-02
 4.34283093e-02 5.06682760e-02 4.30261953e-02 9.88338702e-02
 8.10456889e-01 1.97878375e-01 4.26240814e-02 5.92141548e-02
 2.41268383e-02 0.00000000e+00 0.00000000e+00 0.00000000e+00
 0.00000000e+00 0.00000000e+00 1.11615351e-02 3.72051186e-03
 4.13181689e-02 4.70473348e-02 4.65456502e-02 4.96610755e-02
 4.86557906e-02 8.84164376e-01 4.92505363e-01 3.88039989e-02
 5.48923882e-02 4.00103407e-02 4.52378221e-02 4.24230244e-02
 4.06135117e-02 5.97196704e-02 3.75976571e-02 2.01399745e-01
 9.00451905e-01 5.28601820e-01 4.08145686e-02 6.09240974e-02
 4.49391097e-02 3.72051186e-03 0.00000000e+00 0.00000000e+00
 0.00000000e+00 0.00000000e+00 0.00000000e+00 7.44102372e-03
 5.22767318e-02 5.30809597e-02 6.88687201e-02 5.08674173e-02
 2.19799330e-01 9.92158778e-01 3.52533328e-01 3.77987140e-02
 5.42892173e-02 4.04124547e-02 4.50367651e-02 4.16187965e-02
 4.04124547e-02 4.99655340e-02 4.04124547e-02 2.22817100e-01
 8.59928394e-01 7.82802939e-01 4.06135117e-02 4.40314802e-02
 4.58409930e-02 0.00000000e+00 0.00000000e+00 0.00000000e+00
 0.00000000e+00 0.00000000e+00 3.72051186e-03 0.00000000e+00
 5.04653034e-02 4.20209105e-02 4.14177396e-02 5.10684743e-02
 3.66306688e-01 8.84867118e-01 2.91798804e-01 3.67934292e-02
 4.85581352e-02 5.32839324e-02 5.02661621e-02 6.25344680e-02
 4.56418517e-02 4.38323389e-02 3.82008280e-02 4.30261953e-02
 6.87275984e-01 7.54044132e-01 2.33980549e-01 1.17235374e-01
 2.99942569e-01 0.00000000e+00 0.00000000e+00 0.00000000e+00
 0.00000000e+00 0.00000000e+00 3.72051186e-03 1.00528496e-03
 5.12695312e-02 5.43686838e-01 5.73249872e-01 7.91651360e-01
 7.41073085e-01 6.34788625e-01 4.34283093e-02 4.30261953e-02
 4.20209105e-02 3.96082268e-02 4.38304232e-02 4.04124547e-02
 4.14177396e-02 4.36293663e-02 4.42325372e-02 4.34283093e-02
 2.03408400e-01 9.29109226e-01 7.23780271e-01 7.62392784e-01
 7.14326763e-01 4.12976796e-01 0.00000000e+00 0.00000000e+00
 0.00000000e+00 0.00000000e+00 1.11615351e-02 9.65073548e-03
 5.21664397e-01 9.73456650e-01 8.75415525e-01 7.61887269e-01
 7.05980027e-01 9.04978560e-01 6.28354802e-01 4.33379295e-01
 4.02006748e-01 2.61029413e-01 3.22064580e-01 3.82498477e-01
 2.20103788e-01 2.04015400e-01 1.94864436e-01 6.92708340e-02
 4.78626688e-01 9.03266703e-01 6.29258601e-01 6.43336418e-01
 7.65607781e-01 5.64108479e-01 0.00000000e+00 0.00000000e+00
 0.00000000e+00 0.00000000e+00 1.11615351e-02 1.34708187e-02
 3.78674565e-01 8.39719296e-01 8.78833494e-01 7.32123178e-01
 7.41682001e-01 6.34285025e-01 6.33783340e-01 6.42430705e-01
 8.40724581e-01 9.10207956e-01 9.05983844e-01 8.28959875e-01
 7.92760046e-01 8.45852491e-01 7.77575457e-01 8.06937435e-01
 8.83463549e-01 7.39564201e-01 7.57364445e-01 7.77979486e-01
 8.40018009e-01 9.04756456e-03 0.00000000e+00 0.00000000e+00
 0.00000000e+00 0.00000000e+00 0.00000000e+00 1.74919582e-02
 3.85713473e-01 4.12463625e-01 8.79235608e-01 9.13221895e-01
 9.00559134e-01 8.14679086e-01 6.49772156e-01 5.39564212e-01
 5.00248929e-01 4.80740658e-01 5.04168583e-01 5.79685610e-01
 5.73954529e-01 5.25989995e-01 5.69730418e-01 6.13671898e-01
 7.20163160e-01 7.47005223e-01 7.78278199e-01 8.57818253e-01
 5.68420675e-01 1.40739897e-02 0.00000000e+00 0.00000000e+00
 0.00000000e+00 0.00000000e+00 0.00000000e+00 3.08496105e-01
 5.00446157e-01 6.96026749e-01 9.19960176e-01 9.15535008e-01
 8.54302628e-01 8.65458418e-01 8.10255832e-01 7.81295969e-01
 8.09955204e-01 7.95274216e-01 7.49722365e-01 6.99747261e-01
 6.83256759e-01 7.53442876e-01 8.92710255e-01 8.16287542e-01
 8.47665833e-01 8.92105169e-01 8.17294741e-01 8.32881444e-01
 9.99195772e-01 5.84175874e-02 0.00000000e+00 0.00000000e+00
 0.00000000e+00 0.00000000e+00 0.00000000e+00 8.85376461e-01
 9.97386259e-01 8.96532252e-01 9.18451292e-01 8.52690343e-01
 8.50580202e-01 8.39816952e-01 8.80945549e-01 8.81248092e-01
 8.50781259e-01 8.78232238e-01 8.80342378e-01 8.40121410e-01
 8.59629681e-01 8.99850649e-01 8.87381287e-01 7.60881984e-01
 8.46658634e-01 8.47761575e-01 7.45396768e-01 6.59625863e-01
 7.16235847e-01 2.68374707e-01 0.00000000e+00 0.00000000e+00
 0.00000000e+00 0.00000000e+00 0.00000000e+00 9.70444623e-01
 4.85464540e-01 4.08241429e-01 9.73052621e-01 7.81699998e-01
 8.48468146e-01 8.36600040e-01 8.44445092e-01 8.52087172e-01
 8.71091843e-01 8.70890786e-01 8.48466231e-01 8.71896071e-01
 8.52087172e-01 8.37607240e-01 7.90950533e-01 7.64301868e-01
 9.25995715e-01 8.40019924e-01 7.82502311e-01 6.17796438e-01
 6.67668142e-01 1.05476412e-01 0.00000000e+00 0.00000000e+00
 0.00000000e+00 0.00000000e+00 0.00000000e+00 9.72254136e-01
 1.06977639e-01 7.99798955e-01 9.28607541e-01 7.69933378e-01
 8.10859003e-01 8.76420810e-01 8.80242807e-01 8.74913840e-01
 8.74310669e-01 8.83159091e-01 8.93112369e-01 8.85571775e-01
 8.77830124e-01 8.77125467e-01 8.83159091e-01 9.17547493e-01
 9.10709641e-01 8.94921881e-01 8.86374088e-01 8.65360762e-01
 8.72899441e-01 2.09099268e-02 0.00000000e+00 0.00000000e+00
 0.00000000e+00 0.00000000e+00 3.49728102e-01 9.75068935e-01
 4.46346511e-02 9.86328126e-01 8.32377844e-01 7.51933992e-01
 7.97384356e-01 8.82956119e-01 8.91906027e-01 8.82856548e-01
 8.76219753e-01 8.77929695e-01 8.70387186e-01 8.79538151e-01
 8.93213854e-01 9.02665447e-01 8.86778116e-01 9.01960790e-01
 9.05078131e-01 9.01457190e-01 8.86073460e-01 8.47663918e-01
 9.39868646e-01 2.43278953e-02 0.00000000e+00 0.00000000e+00
 0.00000000e+00 0.00000000e+00 7.88748478e-01 6.46959273e-01
 8.46545665e-02 9.91153493e-01 8.30064731e-01 8.14579515e-01
 8.05227493e-01 8.55706197e-01 8.78029266e-01 8.89995028e-01
 8.70188044e-01 8.75114897e-01 8.91704970e-01 8.85973889e-01
 8.79036466e-01 8.82856548e-01 8.89592914e-01 8.88185515e-01
 8.94318710e-01 9.00854019e-01 9.05480245e-01 8.29865589e-01
 9.52740122e-01 4.52789908e-01 0.00000000e+00 0.00000000e+00
 0.00000000e+00 0.00000000e+00 9.37568934e-01 1.84509044e-01
 2.07935054e-01 9.89142923e-01 8.20613139e-01 7.92356017e-01
 7.95674415e-01 8.58622481e-01 8.86979173e-01 8.97336480e-01
 8.89694400e-01 8.93012797e-01 8.97939651e-01 8.96934366e-01
 8.96532252e-01 8.94018082e-01 8.94219139e-01 8.94822310e-01
 9.01558676e-01 9.06182987e-01 9.01357619e-01 8.91806456e-01
 8.61938963e-01 7.06186827e-01 0.00000000e+00 0.00000000e+00
 0.00000000e+00 0.00000000e+00 7.77586943e-01 1.86519614e-01
 3.67514945e-01 9.90349265e-01 7.95775901e-01 8.13076373e-01
 8.55003455e-01 8.87783401e-01 8.98743879e-01 9.08699071e-01
 8.92007513e-01 8.87783401e-01 8.87681915e-01 8.90799256e-01
 8.88185515e-01 8.86778116e-01 8.90900742e-01 8.98240279e-01
 9.03770303e-01 8.95025282e-01 8.83358233e-01 8.98242194e-01
 8.95726109e-01 8.62850422e-01 0.00000000e+00 0.00000000e+00
 0.00000000e+00 0.00000000e+00 4.50181910e-01 3.69427859e-01
 3.87425330e-01 9.88941866e-01 8.01606553e-01 8.11071546e-01
 8.51997172e-01 8.56521911e-01 8.68185131e-01 8.71603100e-01
 8.40029496e-01 8.49883202e-01 8.45055920e-01 8.43144922e-01
 8.39022297e-01 8.43849578e-01 8.63156792e-01 8.60441565e-01
 8.51997172e-01 8.48276660e-01 8.99647678e-01 9.06487444e-01
 8.79536236e-01 9.74666821e-01 1.37658937e-01 0.00000000e+00
 0.00000000e+00 0.00000000e+00 0.00000000e+00 4.46955427e-01
 6.59022692e-01 9.89947151e-01 8.82050405e-01 8.55717683e-01
 8.74320240e-01 8.89202286e-01 9.04084332e-01 8.92922797e-01
 8.44556149e-01 8.22233080e-01 8.44556149e-01 8.55717683e-01
 8.37115126e-01 8.14792058e-01 8.22233080e-01 8.33394615e-01
 8.37115126e-01 8.41237752e-01 9.11513869e-01 9.06286387e-01
 8.98944936e-01 9.08300787e-01 4.27858842e-01 0.00000000e+00
 0.00000000e+00 0.00000000e+00 0.00000000e+00 5.40471841e-01
 9.45301014e-01 8.63449763e-01 9.02265248e-01 8.74320240e-01
 8.55717683e-01 8.56320854e-01 8.60644537e-01 8.57125082e-01
 8.72007128e-01 8.42243036e-01 8.08758434e-01 7.79195399e-01
 7.79195399e-01 8.01317411e-01 7.78793285e-01 7.82312740e-01
 7.77586943e-01 7.66425409e-01 8.23328365e-01 8.66969217e-01
 8.58823538e-01 9.12825526e-01 6.36207509e-01 0.00000000e+00
 0.00000000e+00 0.00000000e+00 0.00000000e+00 5.38560842e-01
 9.77276732e-01 8.77828209e-01 8.76524211e-01 8.07351035e-01
 8.48276660e-01 8.85481775e-01 8.85481775e-01 9.48730469e-01
 9.15647980e-01 9.48730469e-01 9.48730469e-01 9.37568934e-01
 9.48730469e-01 9.48730469e-01 9.48730469e-01 9.48931526e-01
 9.48730469e-01 9.48730469e-01 9.89142923e-01 9.92158778e-01
 9.93968291e-01 8.53898599e-01 0.00000000e+00 0.00000000e+00
 0.00000000e+00 0.00000000e+00 0.00000000e+00 2.09551167e-01
 7.23479643e-01 6.32879541e-01 6.79741133e-01 6.95735692e-01
 6.99657261e-01 7.44102341e-01 7.92468989e-01 6.51089555e-01
 0.00000000e+00 0.00000000e+00 0.00000000e+00 0.00000000e+00
 0.00000000e+00 0.00000000e+00 1.00453815e-01 1.45099960e-01
 2.23230699e-01 2.67876851e-01 3.12113217e-01 3.24379608e-01
 2.25032556e-01 1.74919582e-02 0.00000000e+00 0.00000000e+00]","[0.         0.         0.         0.         0.         0.
 0.         0.         0.         0.         0.         0.
 0.         0.50196081 0.75686276 0.78823531 0.627451   0.07450981
 0.         0.         0.         0.         0.         0.
 0.         0.         0.         0.         0.         0.
 0.         0.         0.         0.         0.         0.
 0.00392157 0.         0.         0.44705883 0.94117647 0.87058824
 0.63137257 0.49411765 0.78431374 0.96470588 0.56078434 0.
 0.         0.01176471 0.         0.         0.         0.
 0.         0.         0.         0.         0.         0.
 0.         0.         0.         0.         0.         0.
 0.41568628 1.         0.67843139 0.         0.         0.
 0.         0.51372552 0.99215686 0.66666669 0.         0.
 0.00392157 0.         0.         0.         0.         0.
 0.         0.         0.         0.         0.         0.
 0.         0.01568628 0.         0.         0.90980393 0.7647059
 0.         0.         0.01176471 0.00784314 0.         0.
 0.53333336 1.         0.36470589 0.         0.02745098 0.
 0.         0.         0.         0.         0.         0.
 0.         0.         0.         0.         0.         0.01176471
 0.         0.39607844 1.         0.36470589 0.         0.00392157
 0.         0.         0.00392157 0.         0.         0.8509804
 0.66666669 0.         0.         0.         0.         0.
 0.         0.         0.         0.         0.         0.
 0.         0.         0.         0.01176471 0.         0.59215689
 0.9254902  0.         0.         0.00392157 0.         0.
 0.         0.00392157 0.         0.52549022 0.83137256 0.
 0.         0.00784314 0.         0.         0.         0.
 0.         0.         0.         0.         0.         0.
 0.         0.         0.         0.71372551 0.82352942 0.
 0.         0.00392157 0.         0.         0.         0.
 0.         0.19607843 0.86274511 0.03529412 0.         0.01568628
 0.         0.         0.         0.         0.         0.
 0.00392157 0.         0.         0.         0.00392157 0.
 0.         0.78823531 0.63921571 0.         0.         0.
 0.         0.         0.         0.00784314 0.         0.05882353
 0.80784315 0.15686275 0.         0.01176471 0.         0.
 0.         0.         0.         0.         0.01176471 0.00392157
 0.00392157 0.         0.00392157 0.         0.         0.89019608
 0.47843137 0.         0.01568628 0.         0.         0.
 0.         0.02352941 0.         0.16862746 0.89803922 0.50588238
 0.         0.01568628 0.01176471 0.00392157 0.         0.
 0.         0.         0.         0.00784314 0.00784314 0.00784314
 0.02745098 0.         0.18039216 1.         0.32941177 0.
 0.01568628 0.         0.         0.         0.         0.01176471
 0.         0.1882353  0.85490197 0.77254903 0.         0.
 0.         0.         0.         0.         0.         0.
 0.00392157 0.         0.         0.         0.         0.
 0.33333334 0.88627452 0.26666668 0.         0.01176471 0.01568628
 0.00784314 0.02352941 0.00784314 0.00784314 0.         0.
 0.67058825 0.74117649 0.20784314 0.07843138 0.27058825 0.
 0.         0.         0.         0.         0.00392157 0.
 0.         0.52941179 0.56078434 0.78039217 0.72941178 0.62352943
 0.         0.         0.         0.         0.         0.
 0.         0.         0.         0.         0.16078432 0.9254902
 0.72156864 0.76078433 0.70588237 0.43529412 0.         0.
 0.         0.         0.01176471 0.         0.50196081 0.98431373
 0.87843138 0.74901962 0.69411767 0.90980393 0.62352943 0.41568628
 0.38431373 0.23529412 0.29411766 0.36078432 0.19215687 0.17647059
 0.16470589 0.02745098 0.45490196 0.89803922 0.61960787 0.63529414
 0.75294119 0.58823532 0.         0.         0.         0.
 0.01176471 0.         0.34509805 0.84313726 0.87843138 0.71764708
 0.75294119 0.61960787 0.62352943 0.63137257 0.84313726 0.91764706
 0.90980393 0.83137256 0.79215688 0.84705883 0.77254903 0.80392158
 0.90196079 0.72549021 0.75294119 0.78039217 0.83137256 0.
 0.         0.         0.         0.         0.         0.
 0.35294119 0.39215687 0.87843138 0.90980393 0.9254902  0.80784315
 0.64313728 0.52549022 0.49019608 0.46666667 0.48627451 0.56862748
 0.56470591 0.51372552 0.55686277 0.60000002 0.72941178 0.73333335
 0.76862746 0.85882354 0.54509807 0.         0.         0.
 0.         0.         0.         0.30588236 0.47450981 0.6901961
 0.92156863 0.9137255  0.87058824 0.85882354 0.80784315 0.7764706
 0.81176472 0.79607844 0.74509805 0.69411767 0.67843139 0.74901962
 0.89411765 0.80784315 0.86274511 0.88627452 0.81568629 0.83529413
 1.         0.04313726 0.         0.         0.         0.
 0.         0.9137255  1.         0.90196079 0.91764706 0.85490197
 0.85882354 0.83137256 0.88235295 0.88627452 0.85882354 0.88627452
 0.88235295 0.84313726 0.86666667 0.90588236 0.89019608 0.74901962
 0.85490197 0.84313726 0.73333335 0.65098041 0.7019608  0.26274511
 0.         0.         0.         0.         0.         1.
 0.4627451  0.39215687 0.97647059 0.78431374 0.85490197 0.83137256
 0.84705883 0.85490197 0.87450981 0.87450981 0.84705883 0.87450981
 0.85490197 0.8392157  0.79215688 0.75686276 0.93725491 0.8392157
 0.7764706  0.61176473 0.65098041 0.09019608 0.         0.
 0.         0.         0.         1.         0.0627451  0.80000001
 0.92941177 0.7647059  0.80784315 0.87843138 0.88627452 0.88235295
 0.88235295 0.89019608 0.89411765 0.89019608 0.88627452 0.88235295
 0.89019608 0.92156863 0.9137255  0.89411765 0.88235295 0.87058824
 0.86666667 0.         0.         0.         0.         0.
 0.36862746 1.         0.         1.         0.83137256 0.74509805
 0.79215688 0.88235295 0.89411765 0.88627452 0.87843138 0.88235295
 0.87058824 0.88235295 0.89803922 0.90588236 0.89019608 0.90196079
 0.90588236 0.89803922 0.88627452 0.85490197 0.93725491 0.
 0.         0.         0.         0.         0.83137256 0.65098041
 0.03921569 1.         0.82745099 0.81176472 0.80000001 0.85490197
 0.87843138 0.89019608 0.87843138 0.88235295 0.89411765 0.89019608
 0.88627452 0.88627452 0.89019608 0.89019608 0.89411765 0.89803922
 0.90588236 0.83529413 0.95294118 0.4509804  0.         0.
 0.         0.         0.98823529 0.16078432 0.17254902 1.
 0.81960785 0.78431374 0.78823531 0.85882354 0.89019608 0.90196079
 0.89411765 0.89803922 0.90196079 0.90196079 0.90196079 0.89803922
 0.89803922 0.89803922 0.90196079 0.90196079 0.90196079 0.89803922
 0.85490197 0.71764708 0.         0.         0.         0.
 0.81960785 0.16078432 0.34117648 1.         0.79215688 0.83137256
 0.85882354 0.89019608 0.90196079 0.9137255  0.89803922 0.89019608
 0.88627452 0.89019608 0.89019608 0.89019608 0.89411765 0.89803922
 0.90196079 0.90588236 0.88235295 0.90588236 0.89411765 0.88235295
 0.         0.         0.         0.         0.47450981 0.35294119
 0.36470589 1.         0.79215688 0.85490197 0.89803922 0.90196079
 0.90980393 0.90980393 0.87843138 0.88627452 0.87843138 0.87450981
 0.87058824 0.87843138 0.90196079 0.89803922 0.89803922 0.89411765
 0.89803922 0.9137255  0.87450981 1.         0.14509805 0.
 0.         0.         0.         0.43529412 0.65098041 1.
 0.87843138 0.90196079 0.92156863 0.93725491 0.95294118 0.94117647
 0.89019608 0.86666667 0.89019608 0.90196079 0.88235295 0.85882354
 0.86666667 0.87843138 0.88235295 0.88627452 0.9137255  0.9137255
 0.90196079 0.92941177 0.4509804  0.         0.         0.
 0.         0.53725493 0.95294118 0.86666667 0.9137255  0.92156863
 0.90196079 0.90196079 0.90588236 0.90196079 0.91764706 0.88627452
 0.8509804  0.81960785 0.81960785 0.84313726 0.81960785 0.82352942
 0.81960785 0.80784315 0.82352942 0.87058824 0.85882354 0.93333334
 0.67058825 0.         0.         0.         0.         0.53333336
 0.98431373 0.87843138 0.89019608 0.8509804  0.89411765 0.93333334
 0.93333334 1.         0.96470588 1.         1.         0.98823529
 1.         1.         1.         1.         1.         1.
 1.         1.         1.         0.86274511 0.         0.
 0.         0.         0.         0.20392157 0.72549021 0.627451
 0.6901961  0.73333335 0.73725492 0.78431374 0.83529413 0.68627453
 0.         0.         0.         0.         0.         0.
 0.10588235 0.15294118 0.23529412 0.28235295 0.29803923 0.30588236
 0.20392157 0.         0.         0.        ]"
