,index,distance,used_time,pert point,ori point
0,0,0.1240234375,345.1339280605316,"[0.00000000e+00 0.00000000e+00 4.86366450e-04 0.00000000e+00
 0.00000000e+00 0.00000000e+00 0.00000000e+00 0.00000000e+00
 0.00000000e+00 0.00000000e+00 3.93956815e-02 5.73912380e-02
 3.79365823e-02 3.16138192e-02 2.86956190e-02 3.45320176e-02
 5.25275741e-02 8.51141261e-02 5.35003069e-02 0.00000000e+00
 0.00000000e+00 0.00000000e+00 0.00000000e+00 0.00000000e+00
 9.72732901e-04 1.45909929e-03 0.00000000e+00 0.00000000e+00
 0.00000000e+00 0.00000000e+00 0.00000000e+00 4.86366450e-04
 0.00000000e+00 0.00000000e+00 6.32276357e-03 4.91230093e-02
 9.72732859e-02 1.24023438e-01 1.22564338e-01 1.07061889e-01
 5.54457725e-02 2.70308675e-01 5.79021165e-01 5.94159797e-01
 7.18313436e-01 6.99678327e-01 7.14908871e-01 6.83961416e-01
 6.10546898e-01 5.62457896e-01 5.80518553e-01 6.87040452e-01
 1.23667285e-01 1.94546580e-03 1.37408096e-02 0.00000000e+00
 0.00000000e+00 0.00000000e+00 0.00000000e+00 0.00000000e+00
 0.00000000e+00 5.20412077e-02 1.15755209e-01 1.21105239e-01
 1.18673407e-01 1.15755209e-01 1.14782476e-01 1.18278953e-01
 9.48414539e-02 5.07460175e-01 7.77535246e-01 8.12645538e-01
 9.66195621e-01 7.90544590e-01 8.41099887e-01 9.21568632e-01
 8.33195476e-01 7.78687973e-01 7.66467538e-01 7.48200076e-01
 1.78630517e-01 0.00000000e+00 1.71760116e-02 0.00000000e+00
 0.00000000e+00 0.00000000e+00 1.45909929e-03 0.00000000e+00
 1.50773591e-02 1.15755209e-01 1.11864278e-01 1.09432446e-01
 1.11864278e-01 1.16272213e-01 1.13323377e-01 1.26030178e-01
 1.20618873e-01 4.00877001e-01 7.98357089e-01 6.04009674e-01
 4.59761801e-01 6.54109242e-01 7.05120269e-01 7.71392477e-01
 5.49594057e-01 7.33635892e-01 7.44427864e-01 8.66027122e-01
 4.64901201e-01 0.00000000e+00 1.37408096e-02 0.00000000e+00
 0.00000000e+00 0.00000000e+00 0.00000000e+00 0.00000000e+00
 1.24023438e-01 1.14782476e-01 1.10405179e-01 1.14296110e-01
 1.13809743e-01 1.13323377e-01 1.14296110e-01 1.18734683e-01
 1.13809743e-01 4.40153959e-01 9.64797796e-01 3.39560369e-01
 8.87216612e-01 9.90272672e-01 9.57896755e-01 9.37771909e-01
 7.42938128e-01 5.99146010e-01 7.41479029e-01 8.48000928e-01
 5.36247704e-01 5.39866733e-02 2.74816193e-02 0.00000000e+00
 0.00000000e+00 0.00000000e+00 0.00000000e+00 9.43550876e-02
 1.19646140e-01 1.09432446e-01 1.11864278e-01 1.11864278e-01
 1.12837010e-01 1.16272213e-01 1.12837010e-01 1.22656251e-01
 1.14782476e-01 5.67225822e-01 7.08007830e-01 6.25624256e-01
 9.77990963e-01 8.44048723e-01 8.72016705e-01 7.42451762e-01
 8.70040602e-01 6.73747722e-01 6.18298123e-01 8.35202216e-01
 5.52025889e-01 1.05541515e-01 2.40464156e-02 0.00000000e+00
 0.00000000e+00 0.00000000e+00 7.10095007e-02 1.22564338e-01
 1.06514247e-01 1.13323377e-01 1.13323377e-01 1.11377911e-01
 1.11377911e-01 1.13809743e-01 1.11864278e-01 1.21683518e-01
 1.12837010e-01 6.04951770e-01 5.47774993e-01 6.91348824e-01
 9.14698228e-01 8.94604020e-01 8.88219982e-01 8.76911006e-01
 9.06855091e-01 6.91410098e-01 5.56950854e-01 8.22920507e-01
 4.94661462e-01 1.22077972e-01 8.91582451e-02 0.00000000e+00
 0.00000000e+00 0.00000000e+00 1.79955584e-02 8.85186908e-02
 1.20132506e-01 1.14296110e-01 1.12350644e-01 1.12837010e-01
 1.14296110e-01 1.18187041e-01 1.24023438e-01 1.48069853e-01
 1.17700674e-01 6.49398765e-01 6.28642018e-01 6.29944109e-01
 9.52941179e-01 9.03814344e-01 9.00379142e-01 6.38878698e-01
 8.67578133e-01 5.73640497e-01 6.17811757e-01 8.67547496e-01
 1.31410846e-01 1.02623316e-01 5.65410559e-02 0.00000000e+00
 0.00000000e+00 0.00000000e+00 0.00000000e+00 0.00000000e+00
 5.00957421e-02 1.24023438e-01 1.22564338e-01 1.11377911e-01
 1.24023438e-01 7.63595310e-02 3.43520241e-03 8.07674662e-02
 1.24023438e-01 7.59754147e-01 6.52688432e-01 4.57215100e-01
 9.45036768e-01 9.26738669e-01 8.14142926e-01 7.33153352e-01
 8.45415910e-01 3.77864594e-01 7.87078750e-01 8.82230399e-01
 5.45036773e-02 0.00000000e+00 1.03056068e-02 0.00000000e+00
 0.00000000e+00 0.00000000e+00 0.00000000e+00 0.00000000e+00
 0.00000000e+00 0.00000000e+00 8.12231950e-02 1.14296110e-01
 1.13809743e-01 1.13809743e-01 6.87040482e-03 0.00000000e+00
 1.18160236e-01 7.65104177e-01 6.76734846e-01 5.68478116e-01
 3.73184754e-01 6.45818028e-01 5.87419594e-01 5.74249413e-01
 3.94006597e-01 6.80587488e-01 7.62274064e-01 7.11086866e-01
 1.13361679e-01 0.00000000e+00 1.03056068e-02 0.00000000e+00
 0.00000000e+00 0.00000000e+00 0.00000000e+00 4.86366450e-04
 1.94546580e-03 0.00000000e+00 0.00000000e+00 1.24023438e-01
 1.10891545e-01 1.24023438e-01 1.10983457e-01 6.12821692e-02
 2.14315265e-01 6.68673427e-01 7.22663926e-01 7.57958041e-01
 8.21373326e-01 5.11324321e-01 4.74720440e-01 5.56858916e-01
 7.40536933e-01 8.00788921e-01 6.76091472e-01 6.49253230e-01
 3.66563270e-01 0.00000000e+00 6.87040482e-03 0.00000000e+00
 0.00000000e+00 3.43520241e-03 3.43520241e-03 4.86366450e-04
 3.43520241e-03 0.00000000e+00 0.00000000e+00 1.24023438e-01
 1.13323377e-01 1.14813114e-01 1.23628984e-01 8.51141261e-02
 1.96380979e-01 6.92964935e-01 7.20902280e-01 7.13089781e-01
 8.87404262e-01 9.27286309e-01 9.82854627e-01 8.43562356e-01
 7.80269621e-01 7.41904121e-01 6.50555321e-01 6.14901210e-01
 6.52688432e-01 0.00000000e+00 0.00000000e+00 3.43520241e-03
 0.00000000e+00 3.43520241e-03 3.43520241e-03 0.00000000e+00
 3.43520241e-03 0.00000000e+00 3.43520241e-03 1.02136950e-01
 1.14296110e-01 1.11864278e-01 1.24084713e-01 1.24023438e-01
 5.07429538e-01 7.78205436e-01 7.35217540e-01 7.79633898e-01
 9.12875312e-01 9.07249546e-01 9.17555152e-01 7.08099742e-01
 7.09620115e-01 7.42876854e-01 6.48671130e-01 6.69864442e-01
 6.74272377e-01 2.91992196e-01 0.00000000e+00 3.43520241e-03
 3.43520241e-03 0.00000000e+00 0.00000000e+00 0.00000000e+00
 4.86366450e-04 3.43520241e-03 0.00000000e+00 9.77596523e-02
 1.19676778e-01 1.15299480e-01 7.78799055e-02 9.33823548e-02
 6.62775755e-01 7.73403043e-01 7.13997413e-01 8.16996028e-01
 9.19745716e-01 8.46331198e-01 8.52745873e-01 8.84298414e-01
 7.66042447e-01 6.57969536e-01 7.75804238e-01 7.62614896e-01
 6.81142781e-01 5.66808382e-01 0.00000000e+00 6.87040482e-03
 0.00000000e+00 0.00000000e+00 3.43520241e-03 3.43520241e-03
 0.00000000e+00 0.00000000e+00 0.00000000e+00 1.14326747e-01
 1.20132506e-01 9.44163629e-02 3.16138192e-02 1.54400281e-01
 6.26845913e-01 6.35389874e-01 6.64633135e-01 6.21587793e-01
 7.54951757e-01 8.06571697e-01 7.71855859e-01 8.77581196e-01
 8.44048723e-01 7.34547350e-01 8.38641244e-01 7.55744492e-01
 6.88499552e-01 6.32077220e-01 2.06112133e-01 0.00000000e+00
 0.00000000e+00 0.00000000e+00 0.00000000e+00 0.00000000e+00
 0.00000000e+00 0.00000000e+00 0.00000000e+00 1.13354015e-01
 1.18704045e-01 1.16272213e-01 1.05055148e-01 5.84371195e-01
 8.36753227e-01 6.83049958e-01 6.20243589e-01 6.53197784e-01
 8.85757513e-01 8.89223352e-01 8.92110913e-01 8.95029112e-01
 8.81380215e-01 8.94025742e-01 8.25417439e-01 7.72920502e-01
 7.13032332e-01 5.59937978e-01 5.77113988e-01 0.00000000e+00
 6.87040482e-03 3.43520241e-03 3.43520241e-03 0.00000000e+00
 0.00000000e+00 1.03056068e-02 0.00000000e+00 1.08459713e-01
 1.23111980e-01 1.10405179e-01 3.49804700e-01 8.29790911e-01
 7.84585644e-01 6.83536324e-01 7.88051483e-01 8.96974577e-01
 9.20048258e-01 9.06793817e-01 8.84754143e-01 8.84754143e-01
 8.78917746e-01 8.96974577e-01 8.23016245e-01 5.94289998e-01
 5.82494656e-01 5.87419594e-01 6.35512422e-01 7.90096526e-02
 0.00000000e+00 0.00000000e+00 0.00000000e+00 3.43520241e-03
 0.00000000e+00 0.00000000e+00 3.43520241e-03 1.32992495e-01
 1.16241575e-01 1.62419578e-01 8.25899980e-01 7.77807152e-01
 6.80162397e-01 7.33635892e-01 9.29442406e-01 8.98039222e-01
 8.72503071e-01 8.81835945e-01 8.86760883e-01 9.19623167e-01
 9.06885729e-01 8.89617807e-01 7.41574767e-01 5.80549190e-01
 5.89365060e-01 6.28642018e-01 5.49632372e-01 0.00000000e+00
 0.00000000e+00 0.00000000e+00 0.00000000e+00 3.43520241e-03
 0.00000000e+00 0.00000000e+00 3.09168213e-02 1.08946079e-01
 1.19676778e-01 7.91061593e-01 8.14104637e-01 7.34608625e-01
 6.59034181e-01 7.00256605e-01 8.09696703e-01 8.40613521e-01
 9.00471054e-01 9.16674331e-01 9.28439036e-01 7.58168673e-01
 6.17842394e-01 5.43148745e-01 4.77550553e-01 4.63752322e-01
 4.79438596e-01 7.14522068e-01 4.80928332e-01 0.00000000e+00
 0.00000000e+00 0.00000000e+00 0.00000000e+00 6.87040482e-03
 1.03056068e-02 3.43520241e-03 0.00000000e+00 1.43298103e-01
 7.89541220e-01 7.60144775e-01 7.07127009e-01 7.92520693e-01
 9.09317561e-01 8.10183069e-01 7.62090241e-01 8.96063119e-01
 9.07827824e-01 7.56192570e-01 6.30549195e-01 5.20653342e-01
 6.32069568e-01 7.97840086e-01 7.31724890e-01 7.83226108e-01
 6.37457888e-01 6.35512422e-01 4.98104342e-01 0.00000000e+00
 3.43520241e-03 3.43520241e-03 0.00000000e+00 0.00000000e+00
 0.00000000e+00 0.00000000e+00 1.71760113e-01 5.67804101e-01
 7.86592384e-01 6.98797506e-01 7.01229338e-01 6.73261355e-01
 7.41965395e-01 6.83566961e-01 8.11642168e-01 9.31387872e-01
 6.63442116e-01 5.22598807e-01 6.42830904e-01 9.49536615e-01
 8.52408863e-01 4.07716768e-01 7.76807608e-01 7.96966916e-01
 6.77707579e-01 5.94289998e-01 5.66808382e-01 0.00000000e+00
 0.00000000e+00 0.00000000e+00 0.00000000e+00 5.83984405e-02
 1.75195315e-01 3.16038610e-01 4.15659468e-01 5.94799350e-01
 7.28680316e-01 6.82107862e-01 6.60006914e-01 6.29090096e-01
 5.73640497e-01 6.42830904e-01 9.31387872e-01 6.97794136e-01
 5.08857999e-01 8.42072620e-01 9.41693478e-01 4.03825837e-01
 1.10405179e-01 1.19646140e-01 8.79346664e-01 7.72920502e-01
 6.77707579e-01 6.01160402e-01 6.08030806e-01 0.00000000e+00
 0.00000000e+00 1.23667285e-01 2.88556994e-01 4.19094670e-01
 4.43141110e-01 4.98104342e-01 5.87419594e-01 1.82575064e-01
 6.05499411e-01 6.61983016e-01 5.74613230e-01 6.08478884e-01
 7.42451762e-01 9.21568632e-01 7.18891714e-01 4.99038760e-01
 9.00957420e-01 7.29197320e-01 1.14296110e-01 1.15755209e-01
 1.10405179e-01 6.49153667e-01 8.62626387e-01 7.59179694e-01
 6.98318791e-01 5.90854796e-01 6.35512422e-01 0.00000000e+00
 2.61075378e-01 5.83984392e-01 5.70243584e-01 5.77113988e-01
 5.87419594e-01 5.90854796e-01 5.80549190e-01 6.43378545e-01
 8.04254760e-01 6.07506151e-01 7.29683686e-01 9.28439036e-01
 9.31387872e-01 7.08099742e-01 5.05909164e-01 8.97522218e-01
 5.91789240e-01 1.13809743e-01 1.14782476e-01 1.29496018e-01
 1.10891545e-01 9.07280183e-01 8.47395842e-01 7.79790906e-01
 6.80656415e-01 5.83984392e-01 6.97346058e-01 4.80928313e-02
 2.26723358e-01 6.14901210e-01 6.42382826e-01 6.45818028e-01
 6.32077220e-01 6.21771614e-01 6.52688432e-01 7.92095601e-01
 8.57241890e-01 8.68581503e-01 8.90651814e-01 8.15563736e-01
 6.64901215e-01 5.52025889e-01 9.23027731e-01 5.68229192e-01
 1.13809743e-01 1.12837010e-01 1.14296110e-01 1.15755209e-01
 3.59198848e-01 9.17099423e-01 8.24291524e-01 7.79790906e-01
 7.28749243e-01 5.25585958e-01 7.21392472e-01 9.27504606e-02
 0.00000000e+00 3.09168213e-02 2.43899368e-01 4.60317120e-01
 6.04595604e-01 6.62994038e-01 6.69864442e-01 7.81759357e-01
 7.80725350e-01 8.30307915e-01 7.29683686e-01 6.44290003e-01
 7.31142786e-01 8.71499701e-01 5.51053156e-01 1.15268842e-01
 1.14782476e-01 1.18704045e-01 1.16241575e-01 1.13323377e-01
 7.97931997e-01 9.05821084e-01 8.07601880e-01 7.79790906e-01
 7.11573233e-01 4.87798736e-01 6.87040452e-01 1.61454507e-01
 0.00000000e+00 0.00000000e+00 0.00000000e+00 0.00000000e+00
 0.00000000e+00 3.92156886e-03 1.40843295e-01 3.34240976e-01
 4.16015634e-01 4.84811585e-01 5.60841785e-01 5.67225822e-01
 5.44669119e-01 2.78213086e-01 1.14296110e-01 1.14296110e-01
 1.17731312e-01 1.25088083e-01 1.15268842e-01 1.74640016e-01
 8.67578133e-01 8.58670352e-01 8.24199612e-01 7.72920502e-01
 7.59666061e-01 6.80170048e-01 8.14142926e-01 2.81686590e-01
 0.00000000e+00 0.00000000e+00 0.00000000e+00 0.00000000e+00
 0.00000000e+00 0.00000000e+00 0.00000000e+00 9.24096238e-03
 7.92777294e-02 1.02136950e-01 1.09432446e-01 1.11864278e-01
 1.13809743e-01 1.13809743e-01 1.15268842e-01 1.14296110e-01
 1.12837010e-01 1.13323377e-01 1.13809743e-01 1.08946079e-01
 1.02623316e-01 9.67869195e-02 2.86956190e-02 0.00000000e+00
 0.00000000e+00 0.00000000e+00 0.00000000e+00 0.00000000e+00]","[0.         0.         0.         0.         0.         0.
 0.         0.         0.         0.         0.         0.
 0.         0.         0.         0.         0.         0.
 0.         0.         0.         0.         0.         0.
 0.         0.         0.         0.         0.         0.
 0.         0.         0.         0.         0.         0.
 0.         0.         0.         0.00784314 0.         0.17254902
 0.52941179 0.53725493 0.67843139 0.65882355 0.67843139 0.63921571
 0.58039218 0.58823532 0.65882355 0.78431374 0.14117648 0.
 0.01568628 0.         0.         0.         0.         0.
 0.         0.         0.         0.         0.         0.
 0.         0.01176471 0.         0.45882353 0.78823531 0.80000001
 0.96862745 0.77254903 0.83137256 0.92156863 0.81568629 0.74901962
 0.74117649 0.76862746 0.20392157 0.         0.01960784 0.
 0.         0.         0.         0.         0.         0.
 0.         0.         0.         0.00392157 0.         0.00784314
 0.         0.32549021 0.7764706  0.5529412  0.39215687 0.6156863
 0.67058825 0.74901962 0.49803922 0.70980394 0.72156864 0.84705883
 0.42745098 0.         0.01568628 0.         0.         0.
 0.         0.         0.         0.         0.         0.
 0.         0.         0.         0.00784314 0.         0.37254903
 0.97647059 0.25882354 0.88235295 1.         0.96470588 0.94117647
 0.71764708 0.5529412  0.71764708 0.84313726 0.47058824 0.
 0.03137255 0.         0.         0.         0.         0.
 0.         0.         0.         0.         0.         0.00392157
 0.         0.01176471 0.         0.51372552 0.66666669 0.58039218
 0.98431373 0.83529413 0.86666667 0.71764708 0.86274511 0.63921571
 0.57647061 0.82352942 0.49803922 0.         0.02745098 0.
 0.         0.         0.         0.         0.         0.
 0.         0.         0.         0.         0.         0.01176471
 0.         0.54901963 0.57647061 0.65098041 0.9137255  0.89411765
 0.88627452 0.87058824 0.90588236 0.65882355 0.50588238 0.80784315
 0.43921569 0.         0.01960784 0.         0.         0.
 0.         0.         0.         0.         0.         0.
 0.         0.         0.         0.02745098 0.         0.63529414
 0.71764708 0.63529414 0.95294118 0.89019608 0.88627452 0.59607846
 0.85882354 0.52549022 0.57647061 0.85490197 0.01176471 0.
 0.01568628 0.         0.         0.         0.         0.
 0.         0.         0.         0.         0.         0.
 0.00392157 0.00392157 0.         0.81568629 0.74509805 0.50196081
 0.93725491 0.96078432 0.92941177 0.77254903 0.82352942 0.30588236
 0.7647059  0.86666667 0.00392157 0.         0.01176471 0.
 0.         0.         0.         0.         0.         0.
 0.         0.         0.         0.         0.00784314 0.
 0.05882353 0.81568629 0.77254903 0.61176473 0.32941177 0.73725492
 0.67058825 0.5411765  0.31764707 0.64313728 0.7647059  0.81176472
 0.12941177 0.         0.01176471 0.         0.         0.
 0.         0.         0.         0.         0.         0.
 0.         0.         0.01176471 0.         0.16470589 0.67450982
 0.73725492 0.77254903 0.85882354 0.51764709 0.43921569 0.49411765
 0.72156864 0.7764706  0.6901961  0.74117649 0.41568628 0.
 0.00784314 0.         0.         0.00392157 0.00392157 0.
 0.00392157 0.         0.         0.         0.         0.00392157
 0.01176471 0.         0.17254902 0.73333335 0.76078433 0.75686276
 0.96862745 0.96862745 0.98431373 0.83529413 0.7647059  0.70980394
 0.65882355 0.7019608  0.74509805 0.         0.         0.00392157
 0.         0.00392157 0.00392157 0.         0.00392157 0.
 0.00392157 0.         0.         0.         0.00784314 0.
 0.45490196 0.81176472 0.72549021 0.80784315 0.92941177 0.89411765
 0.90588236 0.67843139 0.68627453 0.70980394 0.66666669 0.7647059
 0.76862746 0.33333334 0.         0.00392157 0.00392157 0.
 0.         0.         0.         0.00392157 0.         0.
 0.00392157 0.00392157 0.00784314 0.         0.66666669 0.81960785
 0.68627453 0.85882354 0.93725491 0.87843138 0.89019608 0.88235295
 0.74901962 0.61176473 0.81568629 0.87058824 0.7764706  0.64705884
 0.         0.00784314 0.         0.         0.00392157 0.00392157
 0.         0.         0.         0.00392157 0.         0.00784314
 0.         0.15294118 0.67450982 0.70980394 0.71764708 0.68627453
 0.82352942 0.89411765 0.87058824 0.89411765 0.83529413 0.7019608
 0.89019608 0.86274511 0.78431374 0.72156864 0.23529412 0.
 0.         0.         0.         0.         0.         0.
 0.         0.00392157 0.00392157 0.00392157 0.         0.52941179
 0.83529413 0.64705884 0.57647061 0.62352943 0.88235295 0.89019608
 0.88627452 0.88627452 0.88235295 0.88235295 0.87843138 0.88235295
 0.81176472 0.63921571 0.65882355 0.         0.00784314 0.00392157
 0.00392157 0.         0.         0.01176471 0.         0.
 0.00784314 0.         0.26274511 0.81568629 0.75686276 0.64705884
 0.7647059  0.88627452 0.9137255  0.89803922 0.87843138 0.87843138
 0.87843138 0.88627452 0.88235295 0.67843139 0.66274512 0.67058825
 0.72549021 0.09019608 0.         0.         0.         0.00392157
 0.         0.         0.00392157 0.02745098 0.         0.05882353
 0.81568629 0.76078433 0.65098041 0.70980394 0.93333334 0.89803922
 0.86666667 0.87843138 0.88627452 0.92156863 0.90980393 0.87843138
 0.79215688 0.66274512 0.67058825 0.71764708 0.627451   0.
 0.         0.         0.         0.00392157 0.         0.
 0.03529412 0.         0.00392157 0.7764706  0.80000001 0.70980394
 0.62352943 0.67058825 0.79607844 0.83137256 0.89803922 0.91764706
 0.92941177 0.73725492 0.58039218 0.48235294 0.49019608 0.52941179
 0.54509807 0.81568629 0.54901963 0.         0.         0.
 0.         0.00784314 0.01176471 0.00392157 0.         0.03921569
 0.76862746 0.74117649 0.67843139 0.7764706  0.90980393 0.79607844
 0.74117649 0.89411765 0.90588236 0.73333335 0.58823532 0.46666667
 0.59607846 0.77254903 0.7764706  0.89411765 0.72549021 0.72549021
 0.56862748 0.         0.00392157 0.00392157 0.         0.
 0.         0.         0.19607843 0.52549022 0.7647059  0.67058825
 0.67058825 0.63921571 0.71764708 0.65098041 0.79607844 0.93333334
 0.627451   0.46666667 0.60392159 0.95294118 0.84705883 0.32941177
 0.81960785 0.90980393 0.77254903 0.67843139 0.64705884 0.
 0.         0.         0.         0.06666667 0.2        0.36078432
 0.47450981 0.55686277 0.69803923 0.65098041 0.62352943 0.58823532
 0.52549022 0.60392159 0.93333334 0.66666669 0.4509804  0.83137256
 0.94509804 0.32941177 0.         0.         0.93333334 0.88235295
 0.77254903 0.68627453 0.69411767 0.         0.         0.14117648
 0.32941177 0.47843137 0.50588238 0.56862748 0.67058825 0.08627451
 0.55686277 0.627451   0.52549022 0.56470591 0.71764708 0.92156863
 0.6901961  0.43921569 0.89803922 0.7019608  0.         0.
 0.         0.60392159 0.90980393 0.86666667 0.79607844 0.67450982
 0.72549021 0.         0.29803923 0.66666669 0.65098041 0.65882355
 0.67058825 0.67450982 0.66274512 0.61176473 0.78431374 0.56470591
 0.7019608  0.92941177 0.93333334 0.67843139 0.44705883 0.89411765
 0.54509807 0.         0.         0.01568628 0.         0.89803922
 0.89019608 0.89019608 0.7764706  0.66666669 0.79607844 0.05490196
 0.25882354 0.7019608  0.73333335 0.73725492 0.72156864 0.70980394
 0.74509805 0.78431374 0.84313726 0.86274511 0.88627452 0.80000001
 0.627451   0.49803922 0.92156863 0.51764709 0.         0.
 0.         0.         0.28235295 0.90980393 0.85882354 0.89019608
 0.83137256 0.60000002 0.82352942 0.10588235 0.         0.03529412
 0.27843139 0.52549022 0.6901961  0.75686276 0.7647059  0.76862746
 0.76078433 0.81960785 0.7019608  0.60392159 0.7019608  0.86274511
 0.49803922 0.         0.         0.00392157 0.         0.
 0.78431374 0.89803922 0.8392157  0.89019608 0.81176472 0.55686277
 0.78431374 0.18431373 0.         0.         0.         0.
 0.         0.00392157 0.16078432 0.26274511 0.33333334 0.42352942
 0.50588238 0.51372552 0.49019608 0.1882353  0.         0.
 0.00392157 0.01176471 0.         0.06666667 0.85882354 0.8392157
 0.84705883 0.88235295 0.86666667 0.7764706  0.92941177 0.32156864
 0.         0.         0.         0.         0.         0.
 0.         0.         0.         0.         0.         0.
 0.         0.         0.         0.         0.         0.
 0.         0.         0.         0.         0.         0.
 0.         0.         0.         0.        ]"
1,1,0.1043772982666269,308.26806378364563,"[0.00000000e+00 0.00000000e+00 0.00000000e+00 0.00000000e+00
 0.00000000e+00 0.00000000e+00 0.00000000e+00 0.00000000e+00
 5.25654893e-01 5.80935990e-01 5.60489453e-01 5.62668524e-01
 5.84834577e-01 5.98759208e-01 5.88315735e-01 7.17118576e-01
 6.33570787e-01 6.00291073e-01 6.30595147e-01 7.55411313e-01
 2.78492664e-02 0.00000000e+00 0.00000000e+00 0.00000000e+00
 0.00000000e+00 0.00000000e+00 0.00000000e+00 0.00000000e+00
 0.00000000e+00 0.00000000e+00 0.00000000e+00 0.00000000e+00
 4.40410565e-04 0.00000000e+00 7.92739007e-03 5.90150154e-02
 9.50674023e-01 8.99023444e-01 9.71017159e-01 9.59083949e-01
 9.58161001e-01 9.45829507e-01 9.10638787e-01 9.22866886e-01
 9.32912075e-01 9.74540443e-01 8.98226875e-01 9.32701441e-01
 3.30189199e-01 1.05698531e-02 0.00000000e+00 0.00000000e+00
 0.00000000e+00 0.00000000e+00 0.00000000e+00 0.00000000e+00
 0.00000000e+00 0.00000000e+00 0.00000000e+00 4.40410565e-04
 0.00000000e+00 0.00000000e+00 7.04656888e-02 1.09072461e-01
 9.47591149e-01 8.15621178e-01 8.28875623e-01 8.80150896e-01
 8.91915601e-01 8.35922191e-01 8.38710178e-01 8.77948843e-01
 8.80549180e-01 8.27071855e-01 8.41877307e-01 8.97051167e-01
 5.39330600e-01 7.57506149e-02 1.10102637e-02 0.00000000e+00
 1.32123164e-03 0.00000000e+00 0.00000000e+00 0.00000000e+00
 0.00000000e+00 0.00000000e+00 1.32123164e-03 0.00000000e+00
 0.00000000e+00 3.52328444e-02 5.72533734e-02 1.40759040e-01
 9.36580883e-01 8.31705736e-01 8.32502304e-01 8.44833799e-01
 8.45358465e-01 8.96151201e-01 8.56452980e-01 8.26148907e-01
 8.71530339e-01 8.45105704e-01 8.36508125e-01 9.00049788e-01
 6.68615978e-01 6.51807626e-02 5.68129629e-02 0.00000000e+00
 0.00000000e+00 0.00000000e+00 0.00000000e+00 0.00000000e+00
 0.00000000e+00 0.00000000e+00 4.40410565e-04 0.00000000e+00
 0.00000000e+00 5.72533734e-02 7.48697939e-02 3.42183680e-01
 9.43627451e-01 8.03898599e-01 8.38311894e-01 8.19060210e-01
 8.53913915e-01 8.73606012e-01 8.56200223e-01 8.15096515e-01
 8.49908094e-01 8.71802241e-01 8.37388946e-01 8.94408704e-01
 7.17225810e-01 6.12170680e-02 7.26677413e-02 1.62951907e-02
 0.00000000e+00 1.32123164e-03 0.00000000e+00 0.00000000e+00
 0.00000000e+00 0.00000000e+00 0.00000000e+00 0.00000000e+00
 2.24609378e-02 7.17869203e-02 5.15280334e-02 3.96204816e-01
 9.40544577e-01 8.22185209e-01 8.21304388e-01 8.22185209e-01
 8.62239588e-01 8.65238209e-01 8.32146146e-01 8.20863978e-01
 8.30909167e-01 8.73081346e-01 8.55675557e-01 8.83965230e-01
 9.11500465e-01 5.59321385e-02 7.09060993e-02 4.53622862e-02
 0.00000000e+00 0.00000000e+00 0.00000000e+00 0.00000000e+00
 0.00000000e+00 0.00000000e+00 4.40410565e-04 0.00000000e+00
 4.31602336e-02 6.65019942e-02 7.17869203e-02 4.25984230e-01
 9.48912380e-01 8.30028346e-01 8.34390325e-01 8.47476265e-01
 8.28266704e-01 8.81763178e-01 8.49153651e-01 8.11259199e-01
 8.18704052e-01 8.30028346e-01 8.74800862e-01 8.56115967e-01
 6.98540915e-01 6.42999416e-02 6.34191206e-02 6.34191206e-02
 0.00000000e+00 0.00000000e+00 0.00000000e+00 0.00000000e+00
 0.00000000e+00 0.00000000e+00 0.00000000e+00 0.00000000e+00
 6.03362470e-02 6.65019942e-02 5.59321385e-02 5.01708053e-01
 9.44948686e-01 8.27071855e-01 8.24345136e-01 8.55591304e-01
 8.33509504e-01 8.75283399e-01 8.75283399e-01 8.61358767e-01
 8.09937968e-01 8.23108160e-01 8.61358767e-01 8.59597125e-01
 8.25478718e-01 6.42999416e-02 6.29787100e-02 7.17869203e-02
 2.11397063e-02 0.00000000e+00 0.00000000e+00 0.00000000e+00
 0.00000000e+00 0.00000000e+00 0.00000000e+00 7.92739007e-03
 6.73828152e-02 6.82636362e-02 6.34191206e-02 5.08295040e-01
 9.46710328e-01 8.24513644e-01 8.27994802e-01 8.68049181e-01
 8.69768696e-01 9.04139865e-01 8.68049181e-01 8.68049181e-01
 8.66770075e-01 8.30154728e-01 8.68447465e-01 8.78408402e-01
 9.83264401e-01 6.03362470e-02 7.26677413e-02 7.35485624e-02
 4.44814652e-02 0.00000000e+00 0.00000000e+00 0.00000000e+00
 0.00000000e+00 0.00000000e+00 0.00000000e+00 3.17095603e-02
 6.87040467e-02 6.20978890e-02 7.09060993e-02 4.23046880e-01
 9.51995254e-01 8.11343452e-01 8.14342073e-01 8.57605707e-01
 8.94975496e-01 8.71844370e-01 5.82467856e-01 9.17980244e-01
 8.32314655e-01 8.21304388e-01 8.77569707e-01 8.67440262e-01
 9.48514096e-01 8.76416988e-02 6.51807626e-02 6.73828152e-02
 6.73828152e-02 0.00000000e+00 0.00000000e+00 0.00000000e+00
 0.00000000e+00 0.00000000e+00 0.00000000e+00 5.68129629e-02
 6.29787100e-02 6.51807626e-02 7.88334885e-02 4.30683218e-01
 9.32176778e-01 8.35523907e-01 8.28875623e-01 8.56724886e-01
 8.98854939e-01 8.88411465e-01 5.22491603e-01 9.50674023e-01
 8.22311591e-01 8.29756444e-01 8.68845749e-01 8.77967991e-01
 9.67976411e-01 9.82115511e-02 6.20978890e-02 7.04656888e-02
 8.23567726e-02 0.00000000e+00 0.00000000e+00 0.00000000e+00
 0.00000000e+00 0.00000000e+00 0.00000000e+00 7.09060993e-02
 6.87040467e-02 6.73828152e-02 8.23567726e-02 3.74230250e-01
 9.48031559e-01 8.20990360e-01 8.22583494e-01 8.39717381e-01
 8.90613518e-01 9.10221360e-01 3.26267630e-01 9.50674023e-01
 8.11427707e-01 8.15705434e-01 8.74613212e-01 8.66559441e-01
 9.89556526e-01 9.77711406e-02 7.26677413e-02 6.87040467e-02
 7.39889729e-02 2.64246325e-02 0.00000000e+00 0.00000000e+00
 0.00000000e+00 0.00000000e+00 1.62951907e-02 6.73828152e-02
 6.51807626e-02 6.42999416e-02 9.02841619e-02 2.96909469e-01
 9.38342525e-01 8.17153044e-01 8.43723202e-01 8.55844065e-01
 9.16701139e-01 8.56200223e-01 2.51757817e-01 9.48031559e-01
 8.33635886e-01 8.23192412e-01 8.64568023e-01 8.78366276e-01
 9.52730548e-01 9.77711406e-02 7.88334885e-02 6.34191206e-02
 6.87040467e-02 4.97663913e-02 0.00000000e+00 0.00000000e+00
 0.00000000e+00 0.00000000e+00 4.22794126e-02 7.39889729e-02
 7.04656888e-02 8.94033408e-02 7.79526675e-02 2.13507207e-01
 9.51114433e-01 8.22667750e-01 8.38920812e-01 8.51964623e-01
 9.55958949e-01 5.88633603e-01 1.30840232e-01 9.51114433e-01
 8.35837939e-01 8.22709876e-01 8.58003991e-01 8.88013181e-01
 9.20308675e-01 1.04377298e-01 9.90923721e-02 8.32375936e-02
 7.70718465e-02 6.42999416e-02 0.00000000e+00 0.00000000e+00
 0.00000000e+00 0.00000000e+00 0.00000000e+00 4.40410555e-03
 1.71760117e-02 5.46109070e-02 4.75643387e-02 1.35600495e-01
 9.58161001e-01 8.34034170e-01 8.39590999e-01 8.16984536e-01
 9.45829507e-01 4.84597124e-01 6.12170680e-02 9.46710328e-01
 8.23108160e-01 8.10462630e-01 8.56682760e-01 8.93738517e-01
 9.02125462e-01 7.35485624e-02 7.26677413e-02 3.17095603e-02
 2.64246329e-03 0.00000000e+00 0.00000000e+00 0.00000000e+00
 0.00000000e+00 0.00000000e+00 0.00000000e+00 0.00000000e+00
 0.00000000e+00 0.00000000e+00 4.40410565e-04 7.55399855e-02
 9.52876075e-01 8.42800254e-01 8.81303622e-01 8.49490665e-01
 9.61243875e-01 5.35137129e-01 6.56211731e-02 9.57280180e-01
 8.55928317e-01 8.56452980e-01 8.60604328e-01 9.01581654e-01
 8.72537538e-01 3.47924339e-02 0.00000000e+00 0.00000000e+00
 0.00000000e+00 0.00000000e+00 0.00000000e+00 0.00000000e+00
 0.00000000e+00 0.00000000e+00 0.00000000e+00 0.00000000e+00
 0.00000000e+00 0.00000000e+00 2.64246329e-03 7.35485624e-02
 9.57280180e-01 8.39192715e-01 8.42275592e-01 8.49237907e-01
 9.51995254e-01 4.96844366e-01 6.82636362e-02 9.51995254e-01
 8.31832118e-01 8.16103715e-01 8.23108160e-01 9.09340538e-01
 7.87626391e-01 2.46629904e-02 0.00000000e+00 2.64246329e-03
 4.40410565e-04 0.00000000e+00 0.00000000e+00 0.00000000e+00
 0.00000000e+00 0.00000000e+00 0.00000000e+00 0.00000000e+00
 0.00000000e+00 0.00000000e+00 1.27719057e-02 7.48697939e-02
 9.44109991e-01 8.58884812e-01 8.27596518e-01 8.49364286e-01
 9.50674023e-01 4.31498935e-01 6.34191206e-02 9.50674023e-01
 8.37117044e-01 8.24073234e-01 8.17509202e-01 9.23391549e-01
 7.44447013e-01 2.55438114e-02 0.00000000e+00 4.40410565e-04
 0.00000000e+00 0.00000000e+00 0.00000000e+00 0.00000000e+00
 0.00000000e+00 0.00000000e+00 0.00000000e+00 0.00000000e+00
 4.40410565e-04 0.00000000e+00 6.60615811e-03 6.42999416e-02
 8.97219675e-01 8.67168360e-01 8.30281107e-01 8.48966002e-01
 9.54197307e-01 3.24065578e-01 6.56211731e-02 9.52876075e-01
 8.24073234e-01 8.47686896e-01 8.38311894e-01 9.19343602e-01
 6.71426950e-01 2.46629904e-02 0.00000000e+00 4.40410565e-04
 0.00000000e+00 0.00000000e+00 0.00000000e+00 0.00000000e+00
 0.00000000e+00 0.00000000e+00 0.00000000e+00 0.00000000e+00
 1.32123164e-03 0.00000000e+00 1.49739591e-02 6.51807626e-02
 8.40996486e-01 8.70607391e-01 8.25792749e-01 8.57123170e-01
 9.58601412e-01 4.19021914e-01 7.48697939e-02 9.61684285e-01
 8.10945171e-01 8.24869802e-01 8.60206044e-01 9.26348044e-01
 5.95722297e-01 3.39116128e-02 0.00000000e+00 4.40410565e-04
 0.00000000e+00 0.00000000e+00 0.00000000e+00 0.00000000e+00
 0.00000000e+00 0.00000000e+00 0.00000000e+00 0.00000000e+00
 4.40410565e-04 0.00000000e+00 2.64246325e-02 6.95848677e-02
 7.72652434e-01 8.91222433e-01 8.54733465e-01 8.70335486e-01
 9.57280180e-01 3.19305314e-01 6.95848677e-02 9.55958949e-01
 8.45128686e-01 8.52929696e-01 8.49636188e-01 9.26746328e-01
 5.77037403e-01 4.44814652e-02 0.00000000e+00 0.00000000e+00
 0.00000000e+00 0.00000000e+00 0.00000000e+00 0.00000000e+00
 0.00000000e+00 0.00000000e+00 0.00000000e+00 0.00000000e+00
 0.00000000e+00 0.00000000e+00 3.61136654e-02 7.39889729e-02
 7.54890486e-01 8.92417286e-01 8.42758128e-01 8.67168360e-01
 9.55078128e-01 1.14315261e-01 7.04656888e-02 9.51995254e-01
 8.30951297e-01 8.45484844e-01 8.64568023e-01 9.32429538e-01
 5.18256003e-01 5.81341944e-02 0.00000000e+00 0.00000000e+00
 4.40410565e-04 0.00000000e+00 0.00000000e+00 0.00000000e+00
 0.00000000e+00 0.00000000e+00 0.00000000e+00 0.00000000e+00
 0.00000000e+00 0.00000000e+00 4.84451598e-02 7.26677413e-02
 6.73376242e-01 8.98583033e-01 8.38438276e-01 8.71656717e-01
 9.64326748e-01 1.23962169e-01 7.79526675e-02 9.60363054e-01
 8.47958802e-01 8.49888949e-01 8.63771454e-01 9.24942560e-01
 4.22503072e-01 7.26677413e-02 0.00000000e+00 0.00000000e+00
 4.40410565e-04 4.40410565e-04 0.00000000e+00 0.00000000e+00
 0.00000000e+00 0.00000000e+00 0.00000000e+00 0.00000000e+00
 0.00000000e+00 0.00000000e+00 7.09060993e-02 6.65019942e-02
 8.96568630e-01 8.96296728e-01 8.41080739e-01 8.83421422e-01
 9.66969212e-01 2.55890017e-01 7.92738990e-02 9.65647980e-01
 8.76164220e-01 8.46155030e-01 8.81575528e-01 9.44948686e-01
 6.65743739e-01 6.03362470e-02 0.00000000e+00 0.00000000e+00
 0.00000000e+00 0.00000000e+00 0.00000000e+00 0.00000000e+00
 0.00000000e+00 0.00000000e+00 0.00000000e+00 4.40410565e-04
 0.00000000e+00 0.00000000e+00 8.01547201e-02 2.04300709e-01
 5.50865529e-01 8.47414991e-01 8.63373170e-01 8.26317412e-01
 7.01876550e-01 7.52259528e-02 7.17869203e-02 7.05441960e-01
 7.72506907e-01 8.25122559e-01 8.15873939e-01 6.70902287e-01
 5.47300119e-01 1.01711861e-01 3.52328452e-03 0.00000000e+00
 2.64246329e-03 2.20205277e-03 0.00000000e+00 0.00000000e+00
 0.00000000e+00 0.00000000e+00 0.00000000e+00 4.40410565e-04
 0.00000000e+00 0.00000000e+00 5.90150154e-02 3.61477493e-01
 6.56211731e-02 7.26677413e-02 1.30966611e-01 7.35485624e-02
 7.35485624e-02 7.04656888e-02 7.26677413e-02 7.09060993e-02
 6.29787100e-02 6.29787100e-02 6.34191206e-02 6.03362470e-02
 2.41356470e-01 2.23678775e-01 7.48697956e-03 0.00000000e+00
 5.72533709e-03 1.32123164e-03 0.00000000e+00 0.00000000e+00
 0.00000000e+00 0.00000000e+00 0.00000000e+00 1.32123164e-03
 0.00000000e+00 7.48697956e-03 6.65019942e-02 3.57996335e-01
 8.23567726e-02 8.76416988e-02 8.32375936e-02 7.88334885e-02
 8.01547201e-02 7.70718465e-02 7.57506149e-02 8.27550573e-02
 7.70718465e-02 7.92738990e-02 9.24862144e-02 6.87040467e-02
 3.77604177e-01 2.41084564e-01 1.27719057e-02 0.00000000e+00
 2.20205277e-03 2.20205277e-03 0.00000000e+00 0.00000000e+00
 0.00000000e+00 0.00000000e+00 0.00000000e+00 1.32123164e-03
 0.00000000e+00 7.48697956e-03 5.81341944e-02 2.07486983e-01
 1.32123164e-03 9.16436936e-03 1.39667590e-02 2.81020229e-02
 3.47924339e-02 3.82735922e-02 2.90249697e-02 3.52328452e-03
 3.48115829e-03 1.44492961e-02 7.92739007e-03 7.92739007e-03
 9.28193945e-02 2.13338699e-01 0.00000000e+00 0.00000000e+00
 4.40410565e-04 0.00000000e+00 0.00000000e+00 0.00000000e+00]","[0.         0.         0.         0.         0.         0.
 0.         0.         0.59215689 0.61176473 0.58823532 0.63137257
 0.65882355 0.67450982 0.66274512 0.80784315 0.71372551 0.65490198
 0.66274512 0.8509804  0.03137255 0.         0.         0.
 0.         0.         0.         0.         0.         0.
 0.         0.         0.         0.         0.         0.
 1.         0.92941177 0.99215686 0.99607843 1.         1.
 0.99607843 0.96470588 0.97254902 0.99215686 0.92156863 0.99215686
 0.29803923 0.         0.         0.         0.         0.
 0.         0.         0.         0.         0.         0.
 0.         0.         0.         0.05490196 1.         0.86274511
 0.85882354 0.88235295 0.89411765 0.85882354 0.88627452 0.88235295
 0.88627452 0.86274511 0.87843138 0.94901961 0.54901963 0.
 0.         0.         0.         0.         0.         0.
 0.         0.         0.         0.         0.         0.
 0.         0.09803922 1.         0.88235295 0.89019608 0.89019608
 0.88235295 0.90980393 0.87450981 0.86666667 0.90588236 0.90588236
 0.88627452 0.95686275 0.6901961  0.         0.         0.
 0.         0.         0.         0.         0.         0.
 0.         0.         0.         0.         0.         0.32941177
 1.         0.84705883 0.88235295 0.87058824 0.90588236 0.91764706
 0.89803922 0.87058824 0.90980393 0.92156863 0.88627452 0.94901961
 0.75686276 0.         0.         0.         0.         0.
 0.         0.         0.         0.         0.         0.
 0.         0.         0.         0.38431373 1.         0.86666667
 0.86666667 0.86666667 0.90980393 0.91764706 0.88235295 0.86666667
 0.87450981 0.9254902  0.90588236 0.93725491 0.95686275 0.
 0.         0.         0.         0.         0.         0.
 0.         0.         0.         0.         0.         0.
 0.         0.40000001 1.         0.87450981 0.87843138 0.89019608
 0.87450981 0.93725491 0.89803922 0.85882354 0.86274511 0.87450981
 0.92941177 0.90588236 0.73333335 0.         0.         0.
 0.         0.         0.         0.         0.         0.
 0.         0.         0.         0.         0.         0.52549022
 1.         0.86274511 0.87058824 0.9137255  0.87843138 0.9254902
 0.9254902  0.90980393 0.85882354 0.86274511 0.90980393 0.90980393
 0.84705883 0.         0.         0.         0.         0.
 0.         0.         0.         0.         0.         0.
 0.         0.         0.         0.48627451 1.         0.85490197
 0.85882354 0.90196079 0.90588236 0.94509804 0.90196079 0.90196079
 0.89803922 0.86274511 0.90588236 0.92156863 1.         0.
 0.         0.         0.         0.         0.         0.
 0.         0.         0.         0.         0.         0.
 0.         0.42745098 1.         0.8509804  0.85882354 0.89019608
 0.93725491 0.91764706 0.59215689 0.96862745 0.86666667 0.86666667
 0.91764706 0.91764706 0.99607843 0.         0.         0.
 0.         0.         0.         0.         0.         0.
 0.         0.         0.         0.         0.         0.37254903
 1.         0.85490197 0.85882354 0.89019608 0.94509804 0.93333334
 0.51764709 1.         0.85490197 0.85882354 0.90980393 0.92156863
 0.98823529 0.         0.         0.         0.         0.
 0.         0.         0.         0.         0.         0.
 0.         0.         0.         0.29803923 1.         0.85490197
 0.87058824 0.87450981 0.93333334 0.95294118 0.29411766 1.
 0.84313726 0.85490197 0.90588236 0.91764706 0.98823529 0.
 0.         0.         0.         0.         0.         0.
 0.         0.         0.         0.         0.         0.
 0.         0.23921569 1.         0.84313726 0.87058824 0.89019608
 0.96470588 0.89803922 0.21960784 1.         0.86666667 0.85490197
 0.89803922 0.9254902  0.97254902 0.         0.         0.
 0.         0.         0.         0.         0.         0.
 0.         0.         0.         0.         0.         0.17254902
 1.         0.86274511 0.86666667 0.88235295 1.         0.59215689
 0.07843138 1.         0.86666667 0.85882354 0.89411765 0.92941177
 0.95686275 0.         0.         0.         0.         0.
 0.         0.         0.         0.         0.         0.
 0.         0.         0.         0.08627451 1.         0.87058824
 0.88627452 0.85882354 1.         0.47843137 0.         1.
 0.86274511 0.8509804  0.89411765 0.92941177 0.96862745 0.
 0.         0.         0.         0.         0.         0.
 0.         0.         0.         0.         0.         0.
 0.         0.01960784 1.         0.87450981 0.89803922 0.86666667
 1.         0.52941179 0.         1.         0.88235295 0.87450981
 0.89803922 0.93725491 0.89411765 0.         0.         0.
 0.         0.         0.         0.         0.         0.
 0.         0.         0.         0.         0.         0.
 1.         0.88235295 0.88235295 0.89019608 1.         0.48627451
 0.         1.         0.87058824 0.85882354 0.86274511 0.95294118
 0.80392158 0.         0.         0.         0.         0.
 0.         0.         0.         0.         0.         0.
 0.         0.         0.         0.         0.99607843 0.89411765
 0.85490197 0.87843138 1.         0.41960785 0.         1.
 0.87058824 0.85490197 0.8509804  0.95686275 0.7647059  0.
 0.         0.         0.         0.         0.         0.
 0.         0.         0.         0.         0.         0.
 0.         0.         0.93333334 0.90196079 0.8509804  0.87450981
 1.         0.29411766 0.         1.         0.85490197 0.87058824
 0.88235295 0.96470588 0.67450982 0.         0.         0.
 0.         0.         0.         0.         0.         0.
 0.         0.         0.         0.         0.         0.
 0.87843138 0.90980393 0.85882354 0.89411765 1.         0.39215687
 0.         1.         0.84705883 0.86274511 0.89411765 0.96862745
 0.58823532 0.         0.         0.         0.         0.
 0.         0.         0.         0.         0.         0.
 0.         0.         0.         0.         0.80392158 0.91764706
 0.87058824 0.89411765 1.         0.28627452 0.         1.
 0.86274511 0.87450981 0.89411765 0.97254902 0.56470591 0.
 0.         0.         0.         0.         0.         0.
 0.         0.         0.         0.         0.         0.
 0.         0.         0.7764706  0.92941177 0.87843138 0.90196079
 1.         0.05882353 0.         1.         0.87058824 0.87058824
 0.89803922 0.97647059 0.50196081 0.         0.         0.
 0.         0.         0.         0.         0.         0.
 0.         0.         0.         0.         0.         0.
 0.69803923 0.92941177 0.87058824 0.89411765 1.         0.0627451
 0.         1.         0.88627452 0.87058824 0.89019608 0.97647059
 0.39607844 0.         0.         0.         0.         0.
 0.         0.         0.         0.         0.         0.
 0.         0.         0.         0.         0.95294118 0.93725491
 0.87058824 0.90588236 1.         0.20392157 0.         1.
 0.9254902  0.89019608 0.9137255  1.         0.67058825 0.
 0.         0.         0.         0.         0.         0.
 0.         0.         0.         0.         0.         0.
 0.         0.16862746 0.5411765  0.85490197 0.88627452 0.8509804
 0.70980394 0.00784314 0.         0.70588237 0.7764706  0.8392157
 0.8392157  0.68235296 0.54509807 0.04313726 0.         0.
 0.         0.         0.         0.         0.         0.
 0.         0.         0.         0.         0.         0.33725491
 0.         0.         0.06666667 0.         0.         0.
 0.         0.         0.         0.         0.         0.
 0.20392157 0.16862746 0.         0.         0.         0.
 0.         0.         0.         0.         0.         0.
 0.         0.         0.         0.33333334 0.         0.
 0.         0.         0.         0.         0.         0.00392157
 0.         0.         0.         0.         0.35294119 0.1882353
 0.         0.         0.         0.         0.         0.
 0.         0.         0.         0.         0.         0.
 0.         0.2        0.         0.00784314 0.01176471 0.00784314
 0.         0.00392157 0.00392157 0.         0.00392157 0.00784314
 0.         0.         0.05098039 0.1882353  0.         0.
 0.         0.         0.         0.        ]"
