,index,distance,used_time,pert point,ori point
0,0,0.00592041015625,279.8231472969055,"[0.         0.         0.         0.         0.         0.
 0.         0.         0.         0.         0.         0.
 0.         0.         0.         0.         0.         0.
 0.         0.         0.         0.         0.         0.
 0.         0.         0.         0.         0.         0.
 0.         0.         0.         0.         0.         0.
 0.         0.         0.         0.         0.         0.
 0.         0.         0.         0.         0.         0.
 0.         0.         0.         0.         0.         0.
 0.         0.         0.         0.         0.         0.
 0.         0.         0.         0.         0.         0.
 0.         0.         0.         0.         0.         0.
 0.         0.         0.         0.         0.         0.
 0.         0.         0.         0.         0.         0.
 0.         0.         0.         0.         0.         0.
 0.         0.         0.         0.         0.         0.
 0.         0.         0.         0.         0.         0.
 0.         0.         0.         0.         0.         0.
 0.         0.         0.         0.         0.         0.
 0.         0.         0.         0.         0.         0.
 0.         0.         0.         0.         0.         0.
 0.         0.         0.00148591 0.0044345  0.00592041 0.00592041
 0.00592041 0.00592041 0.00297181 0.         0.         0.
 0.         0.         0.         0.         0.         0.
 0.         0.         0.         0.         0.         0.
 0.         0.         0.         0.00297181 0.0044345  0.00592041
 0.00592041 0.00592041 0.00592041 0.00592041 0.00592041 0.00592041
 0.00592041 0.00297181 0.         0.         0.         0.
 0.         0.         0.         0.         0.         0.
 0.         0.         0.         0.         0.00148591 0.0044345
 0.00592041 0.00592041 0.07609074 0.31389018 0.99610165 0.99610165
 0.61796159 0.03320887 0.00592041 0.00592041 0.00592041 0.00297181
 0.         0.         0.         0.         0.         0.
 0.         0.         0.         0.         0.         0.
 0.00148591 0.00592041 0.00592041 0.00592041 0.00592041 0.00592041
 0.55558797 0.99610165 0.99071739 0.9892547  0.9892547  0.16373076
 0.         0.00592041 0.00592041 0.0044345  0.         0.
 0.         0.         0.         0.         0.         0.
 0.         0.         0.         0.00148591 0.00592041 0.00592041
 0.00592041 0.00592041 0.01371711 0.47372257 0.97902234 0.99018124
 0.95899443 0.17932417 0.82255214 0.16373076 0.00148591 0.00592041
 0.00592041 0.0044345  0.         0.         0.         0.
 0.         0.         0.         0.         0.         0.
 0.         0.00592041 0.00592041 0.00592041 0.00592041 0.00592041
 0.6384031  0.98776879 0.98628289 0.77577193 0.21830768 0.
 0.498989   0.05457692 0.0044345  0.00592041 0.00592041 0.00297181
 0.         0.         0.         0.         0.         0.
 0.         0.         0.         0.         0.         0.0044345
 0.0044345  0.00297181 0.00148591 0.45220876 0.97458783 0.98628289
 0.64322799 0.07017033 0.         0.4171236  0.89272246 0.31483993
 0.00592041 0.00592041 0.00592041 0.00297181 0.         0.
 0.         0.         0.         0.         0.         0.
 0.         0.         0.         0.         0.         0.
 0.16762911 0.99018124 0.99018124 0.498989   0.         0.
 0.05847527 0.92780762 0.99018124 0.57992784 0.00592041 0.00592041
 0.0044345  0.         0.         0.         0.         0.
 0.         0.         0.         0.         0.         0.
 0.         0.         0.         0.         0.47949721 0.98628289
 0.78746698 0.08186538 0.         0.05847527 0.72509336 0.98628289
 0.98776879 0.44643411 0.00592041 0.00592041 0.00148591 0.
 0.         0.         0.         0.         0.         0.
 0.         0.         0.         0.         0.         0.
 0.         0.         0.95899443 0.98628289 0.11305219 0.
 0.24559613 0.58085437 0.98628289 0.98628289 0.55558797 0.02151382
 0.00592041 0.0044345  0.         0.         0.         0.
 0.         0.         0.         0.         0.         0.
 0.         0.         0.         0.         0.         0.
 0.88882411 0.98628289 0.65102469 0.52237911 0.93560432 0.99407959
 0.98628289 0.97122564 0.25151654 0.00592041 0.00592041 0.
 0.         0.         0.         0.         0.         0.
 0.         0.         0.         0.         0.         0.
 0.         0.         0.         0.         0.4093269  0.98628289
 0.98628289 0.98628289 0.98628289 0.99018124 0.99071739 0.39575555
 0.00592041 0.00592041 0.00148591 0.         0.         0.
 0.         0.         0.         0.         0.         0.
 0.         0.         0.         0.         0.         0.
 0.         0.         0.07165623 0.72806518 0.82942231 0.93857614
 0.99018124 0.97122564 0.69203026 0.04100557 0.00592041 0.00148591
 0.         0.         0.         0.         0.         0.
 0.         0.         0.         0.         0.         0.
 0.         0.         0.         0.         0.         0.00297181
 0.00592041 0.00592041 0.00592041 0.66474181 0.9922033  0.8323709
 0.00592041 0.00592041 0.00148591 0.         0.         0.
 0.         0.         0.         0.         0.         0.
 0.         0.         0.         0.         0.         0.
 0.00297181 0.00592041 0.00592041 0.00592041 0.00592041 0.00592041
 0.08388744 0.96881319 0.9922033  0.62575829 0.00592041 0.00297181
 0.         0.         0.         0.         0.         0.
 0.         0.         0.         0.         0.         0.
 0.         0.         0.         0.0044345  0.00592041 0.00592041
 0.00592041 0.0044345  0.0044345  0.00592041 0.19304128 0.9922033
 0.9922033  0.31778853 0.00592041 0.0044345  0.         0.
 0.         0.         0.         0.         0.         0.
 0.         0.         0.         0.         0.         0.
 0.00297181 0.00592041 0.00592041 0.0044345  0.00148591 0.00592041
 0.00592041 0.00592041 0.84796431 0.9922033  0.6491484  0.00592041
 0.00592041 0.00592041 0.00592041 0.00297181 0.         0.
 0.         0.         0.         0.         0.         0.
 0.         0.         0.         0.         0.0044345  0.00592041
 0.00592041 0.0044345  0.00592041 0.00592041 0.00592041 0.00592041
 0.91813463 0.99166715 0.57695602 0.00297181 0.00592041 0.00592041
 0.00592041 0.00592041 0.00592041 0.00148591 0.         0.
 0.         0.         0.         0.         0.         0.
 0.         0.         0.00592041 0.00592041 0.00592041 0.00592041
 0.00592041 0.00592041 0.00592041 0.116024   0.93560432 0.98628289
 0.2650879  0.         0.         0.00297181 0.00592041 0.00592041
 0.00592041 0.00297181 0.         0.         0.         0.
 0.         0.         0.         0.         0.         0.
 0.00148591 0.00592041 0.00592041 0.00592041 0.00297181 0.00148591
 0.         0.53797251 0.98628289 0.76017852 0.01559341 0.
 0.         0.         0.         0.         0.         0.
 0.         0.         0.         0.         0.         0.
 0.         0.         0.         0.         0.         0.
 0.         0.         0.         0.         0.11305219 0.90831587
 0.98628289 0.46780216 0.         0.         0.         0.
 0.         0.         0.         0.         0.         0.
 0.         0.         0.         0.         0.         0.
 0.         0.         0.         0.         0.         0.
 0.         0.         0.09745878 0.71339831 0.98628289 0.32746152
 0.         0.         0.         0.         0.         0.
 0.         0.         0.         0.         0.         0.
 0.         0.         0.         0.         0.         0.
 0.         0.         0.         0.         0.         0.
 0.         0.         0.         0.         0.         0.
 0.         0.         0.         0.         0.         0.
 0.         0.         0.         0.         0.         0.
 0.         0.         0.         0.         0.         0.
 0.         0.         0.         0.         0.         0.
 0.         0.         0.         0.         0.         0.
 0.         0.         0.         0.         0.         0.
 0.         0.         0.         0.        ]","[0.         0.         0.         0.         0.         0.
 0.         0.         0.         0.         0.         0.
 0.         0.         0.         0.         0.         0.
 0.         0.         0.         0.         0.         0.
 0.         0.         0.         0.         0.         0.
 0.         0.         0.         0.         0.         0.
 0.         0.         0.         0.         0.         0.
 0.         0.         0.         0.         0.         0.
 0.         0.         0.         0.         0.         0.
 0.         0.         0.         0.         0.         0.
 0.         0.         0.         0.         0.         0.
 0.         0.         0.         0.         0.         0.
 0.         0.         0.         0.         0.         0.
 0.         0.         0.         0.         0.         0.
 0.         0.         0.         0.         0.         0.
 0.         0.         0.         0.         0.         0.
 0.         0.         0.         0.         0.         0.
 0.         0.         0.         0.         0.         0.
 0.         0.         0.         0.         0.         0.
 0.         0.         0.         0.         0.         0.
 0.         0.         0.         0.         0.         0.
 0.         0.         0.         0.         0.         0.
 0.         0.         0.         0.         0.         0.
 0.         0.         0.         0.         0.         0.
 0.         0.         0.         0.         0.         0.
 0.         0.         0.         0.         0.         0.
 0.         0.         0.         0.         0.         0.
 0.         0.         0.         0.         0.         0.
 0.         0.         0.         0.         0.         0.
 0.         0.         0.         0.         0.         0.
 0.         0.         0.07058824 0.30980393 0.99607843 0.99607843
 0.6156863  0.02745098 0.         0.         0.         0.
 0.         0.         0.         0.         0.         0.
 0.         0.         0.         0.         0.         0.
 0.         0.         0.         0.         0.         0.
 0.5529412  0.99607843 0.99215686 0.99215686 0.99215686 0.16470589
 0.         0.         0.         0.         0.         0.
 0.         0.         0.         0.         0.         0.
 0.         0.         0.         0.         0.         0.
 0.         0.         0.00784314 0.47058824 0.98039216 0.99607843
 0.96470588 0.18039216 0.82745099 0.16470589 0.         0.
 0.         0.         0.         0.         0.         0.
 0.         0.         0.         0.         0.         0.
 0.         0.         0.         0.         0.         0.
 0.63921571 0.99215686 0.99215686 0.78039217 0.21960784 0.
 0.50196081 0.05490196 0.         0.         0.         0.
 0.         0.         0.         0.         0.         0.
 0.         0.         0.         0.         0.         0.
 0.         0.         0.         0.45490196 0.98039216 0.99215686
 0.64705884 0.07058824 0.         0.41960785 0.89803922 0.3137255
 0.         0.         0.         0.         0.         0.
 0.         0.         0.         0.         0.         0.
 0.         0.         0.         0.         0.         0.
 0.16862746 0.99607843 0.99607843 0.50196081 0.         0.
 0.05882353 0.93333334 0.99607843 0.58039218 0.         0.
 0.         0.         0.         0.         0.         0.
 0.         0.         0.         0.         0.         0.
 0.         0.         0.         0.         0.48235294 0.99215686
 0.79215688 0.08235294 0.         0.05882353 0.72941178 0.99215686
 0.99215686 0.44313726 0.         0.         0.         0.
 0.         0.         0.         0.         0.         0.
 0.         0.         0.         0.         0.         0.
 0.         0.         0.96470588 0.99215686 0.11372549 0.
 0.24705882 0.58431375 0.99215686 0.99215686 0.5529412  0.01568628
 0.         0.         0.         0.         0.         0.
 0.         0.         0.         0.         0.         0.
 0.         0.         0.         0.         0.         0.
 0.89411765 0.99215686 0.65490198 0.52549022 0.94117647 1.
 0.99215686 0.97254902 0.24705882 0.         0.         0.
 0.         0.         0.         0.         0.         0.
 0.         0.         0.         0.         0.         0.
 0.         0.         0.         0.         0.41176471 0.99215686
 0.99215686 0.99215686 0.99215686 0.99607843 0.99215686 0.39215687
 0.         0.         0.         0.         0.         0.
 0.         0.         0.         0.         0.         0.
 0.         0.         0.         0.         0.         0.
 0.         0.         0.07058824 0.72941178 0.83137256 0.94117647
 0.99607843 0.97254902 0.6901961  0.03529412 0.         0.
 0.         0.         0.         0.         0.         0.
 0.         0.         0.         0.         0.         0.
 0.         0.         0.         0.         0.         0.
 0.         0.         0.         0.66274512 0.99215686 0.83137256
 0.         0.         0.         0.         0.         0.
 0.         0.         0.         0.         0.         0.
 0.         0.         0.         0.         0.         0.
 0.         0.         0.         0.         0.         0.
 0.07843138 0.96862745 0.99215686 0.62352943 0.         0.
 0.         0.         0.         0.         0.         0.
 0.         0.         0.         0.         0.         0.
 0.         0.         0.         0.         0.         0.
 0.         0.         0.         0.         0.1882353  0.99215686
 0.99215686 0.3137255  0.         0.         0.         0.
 0.         0.         0.         0.         0.         0.
 0.         0.         0.         0.         0.         0.
 0.         0.         0.         0.         0.         0.
 0.         0.         0.84705883 0.99215686 0.64705884 0.
 0.         0.         0.         0.         0.         0.
 0.         0.         0.         0.         0.         0.
 0.         0.         0.         0.         0.         0.
 0.         0.         0.         0.         0.         0.
 0.91764706 0.99607843 0.58039218 0.         0.         0.
 0.         0.         0.         0.         0.         0.
 0.         0.         0.         0.         0.         0.
 0.         0.         0.         0.         0.         0.
 0.         0.         0.         0.11372549 0.94117647 0.99215686
 0.26666668 0.         0.         0.         0.         0.
 0.         0.         0.         0.         0.         0.
 0.         0.         0.         0.         0.         0.
 0.         0.         0.         0.         0.         0.
 0.         0.5411765  0.99215686 0.7647059  0.01568628 0.
 0.         0.         0.         0.         0.         0.
 0.         0.         0.         0.         0.         0.
 0.         0.         0.         0.         0.         0.
 0.         0.         0.         0.         0.11372549 0.9137255
 0.99215686 0.47058824 0.         0.         0.         0.
 0.         0.         0.         0.         0.         0.
 0.         0.         0.         0.         0.         0.
 0.         0.         0.         0.         0.         0.
 0.         0.         0.09803922 0.71764708 0.99215686 0.32941177
 0.         0.         0.         0.         0.         0.
 0.         0.         0.         0.         0.         0.
 0.         0.         0.         0.         0.         0.
 0.         0.         0.         0.         0.         0.
 0.         0.         0.         0.         0.         0.
 0.         0.         0.         0.         0.         0.
 0.         0.         0.         0.         0.         0.
 0.         0.         0.         0.         0.         0.
 0.         0.         0.         0.         0.         0.
 0.         0.         0.         0.         0.         0.
 0.         0.         0.         0.         0.         0.
 0.         0.         0.         0.        ]"
1,1,0.0020751953125,261.3573124408722,"[0.00000000e+00 0.00000000e+00 0.00000000e+00 0.00000000e+00
 0.00000000e+00 0.00000000e+00 0.00000000e+00 0.00000000e+00
 0.00000000e+00 0.00000000e+00 0.00000000e+00 0.00000000e+00
 0.00000000e+00 0.00000000e+00 0.00000000e+00 0.00000000e+00
 0.00000000e+00 0.00000000e+00 0.00000000e+00 0.00000000e+00
 0.00000000e+00 0.00000000e+00 0.00000000e+00 0.00000000e+00
 0.00000000e+00 0.00000000e+00 0.00000000e+00 0.00000000e+00
 0.00000000e+00 0.00000000e+00 0.00000000e+00 0.00000000e+00
 0.00000000e+00 0.00000000e+00 0.00000000e+00 0.00000000e+00
 0.00000000e+00 0.00000000e+00 0.00000000e+00 0.00000000e+00
 0.00000000e+00 0.00000000e+00 0.00000000e+00 0.00000000e+00
 0.00000000e+00 0.00000000e+00 0.00000000e+00 0.00000000e+00
 0.00000000e+00 0.00000000e+00 0.00000000e+00 0.00000000e+00
 0.00000000e+00 0.00000000e+00 0.00000000e+00 0.00000000e+00
 0.00000000e+00 0.00000000e+00 0.00000000e+00 0.00000000e+00
 0.00000000e+00 0.00000000e+00 0.00000000e+00 0.00000000e+00
 0.00000000e+00 0.00000000e+00 0.00000000e+00 0.00000000e+00
 0.00000000e+00 0.00000000e+00 0.00000000e+00 0.00000000e+00
 0.00000000e+00 0.00000000e+00 0.00000000e+00 0.00000000e+00
 0.00000000e+00 0.00000000e+00 0.00000000e+00 0.00000000e+00
 0.00000000e+00 0.00000000e+00 0.00000000e+00 0.00000000e+00
 0.00000000e+00 0.00000000e+00 0.00000000e+00 0.00000000e+00
 0.00000000e+00 0.00000000e+00 0.00000000e+00 0.00000000e+00
 0.00000000e+00 0.00000000e+00 0.00000000e+00 0.00000000e+00
 0.00000000e+00 0.00000000e+00 0.00000000e+00 0.00000000e+00
 0.00000000e+00 0.00000000e+00 0.00000000e+00 0.00000000e+00
 0.00000000e+00 0.00000000e+00 0.00000000e+00 0.00000000e+00
 0.00000000e+00 0.00000000e+00 0.00000000e+00 0.00000000e+00
 0.00000000e+00 0.00000000e+00 0.00000000e+00 0.00000000e+00
 0.00000000e+00 0.00000000e+00 0.00000000e+00 0.00000000e+00
 0.00000000e+00 0.00000000e+00 0.00000000e+00 0.00000000e+00
 0.00000000e+00 0.00000000e+00 0.00000000e+00 0.00000000e+00
 0.00000000e+00 0.00000000e+00 0.00000000e+00 0.00000000e+00
 0.00000000e+00 0.00000000e+00 0.00000000e+00 0.00000000e+00
 0.00000000e+00 0.00000000e+00 0.00000000e+00 0.00000000e+00
 0.00000000e+00 0.00000000e+00 0.00000000e+00 0.00000000e+00
 0.00000000e+00 0.00000000e+00 0.00000000e+00 0.00000000e+00
 0.00000000e+00 0.00000000e+00 0.00000000e+00 0.00000000e+00
 2.62199865e-01 5.98754907e-01 9.97924805e-01 9.97924805e-01
 9.94011374e-01 7.16157818e-01 5.71360894e-01 2.34805841e-02
 0.00000000e+00 0.00000000e+00 0.00000000e+00 0.00000000e+00
 0.00000000e+00 0.00000000e+00 0.00000000e+00 0.00000000e+00
 0.00000000e+00 0.00000000e+00 0.00000000e+00 0.00000000e+00
 0.00000000e+00 0.00000000e+00 0.00000000e+00 0.00000000e+00
 0.00000000e+00 0.00000000e+00 0.00000000e+00 2.66113295e-01
 9.27483058e-01 9.90097944e-01 9.90097944e-01 9.90097944e-01
 9.90097944e-01 9.90097944e-01 9.90097944e-01 6.84850375e-01
 9.78357668e-02 0.00000000e+00 0.00000000e+00 0.00000000e+00
 0.00000000e+00 0.00000000e+00 0.00000000e+00 0.00000000e+00
 0.00000000e+00 0.00000000e+00 0.00000000e+00 0.00000000e+00
 0.00000000e+00 0.00000000e+00 0.00000000e+00 0.00000000e+00
 0.00000000e+00 0.00000000e+00 1.95671537e-02 7.82686134e-01
 9.90122358e-01 9.90692019e-01 4.32414220e-01 1.27296844e-01
 1.27304982e-01 2.25132603e-01 7.10105046e-01 9.91774376e-01
 3.26629529e-01 6.26627629e-04 0.00000000e+00 0.00000000e+00
 0.00000000e+00 0.00000000e+00 0.00000000e+00 0.00000000e+00
 0.00000000e+00 0.00000000e+00 0.00000000e+00 0.00000000e+00
 0.00000000e+00 0.00000000e+00 0.00000000e+00 0.00000000e+00
 0.00000000e+00 0.00000000e+00 4.30477378e-02 9.90317671e-01
 9.91286095e-01 9.29541977e-01 2.05891927e-03 2.05891927e-03
 2.05891927e-03 1.74967450e-03 2.05891927e-03 9.56935990e-01
 7.37783889e-01 1.04980475e-03 0.00000000e+00 0.00000000e+00
 0.00000000e+00 0.00000000e+00 0.00000000e+00 0.00000000e+00
 0.00000000e+00 0.00000000e+00 0.00000000e+00 0.00000000e+00
 0.00000000e+00 0.00000000e+00 0.00000000e+00 0.00000000e+00
 0.00000000e+00 0.00000000e+00 1.80261953e-01 9.91847618e-01
 9.92156863e-01 2.99479657e-01 1.44856775e-03 4.06901048e-04
 8.13802112e-05 4.96419272e-04 2.05891927e-03 9.56903438e-01
 7.36880569e-01 1.22070313e-04 0.00000000e+00 0.00000000e+00
 0.00000000e+00 0.00000000e+00 0.00000000e+00 0.00000000e+00
 0.00000000e+00 0.00000000e+00 0.00000000e+00 0.00000000e+00
 0.00000000e+00 0.00000000e+00 0.00000000e+00 0.00000000e+00
 0.00000000e+00 0.00000000e+00 8.46635656e-01 9.92156863e-01
 8.35578958e-01 4.42277509e-02 8.95182316e-05 0.00000000e+00
 2.68554702e-04 1.47298181e-03 3.46440822e-01 9.88072534e-01
 5.36335333e-01 0.00000000e+00 0.00000000e+00 0.00000000e+00
 0.00000000e+00 0.00000000e+00 0.00000000e+00 0.00000000e+00
 0.00000000e+00 0.00000000e+00 0.00000000e+00 0.00000000e+00
 0.00000000e+00 0.00000000e+00 0.00000000e+00 0.00000000e+00
 0.00000000e+00 2.81767017e-01 9.56781367e-01 9.92156863e-01
 3.92588184e-01 0.00000000e+00 1.79036463e-04 2.19726565e-04
 1.27766932e-03 2.05891927e-03 4.67757163e-01 9.92132449e-01
 3.17516861e-01 0.00000000e+00 0.00000000e+00 0.00000000e+00
 0.00000000e+00 0.00000000e+00 0.00000000e+00 0.00000000e+00
 0.00000000e+00 0.00000000e+00 0.00000000e+00 0.00000000e+00
 0.00000000e+00 0.00000000e+00 0.00000000e+00 0.00000000e+00
 5.87014593e-02 8.25733868e-01 9.92002241e-01 7.02563016e-01
 5.68143961e-02 1.43229170e-03 1.96126303e-03 2.05891927e-03
 2.05891927e-03 8.42409645e-02 8.70840522e-01 9.91082644e-01
 3.16987890e-01 0.00000000e+00 0.00000000e+00 0.00000000e+00
 0.00000000e+00 0.00000000e+00 0.00000000e+00 0.00000000e+00
 0.00000000e+00 0.00000000e+00 0.00000000e+00 0.00000000e+00
 0.00000000e+00 0.00000000e+00 0.00000000e+00 0.00000000e+00
 1.72190951e-01 9.90097944e-01 9.91538374e-01 3.81572177e-01
 2.05891927e-03 2.05891927e-03 2.05891927e-03 2.05891927e-03
 2.05891927e-03 2.64258784e-01 9.92116173e-01 8.68895535e-01
 2.73940145e-02 0.00000000e+00 0.00000000e+00 0.00000000e+00
 0.00000000e+00 0.00000000e+00 0.00000000e+00 0.00000000e+00
 0.00000000e+00 0.00000000e+00 0.00000000e+00 0.00000000e+00
 0.00000000e+00 0.00000000e+00 0.00000000e+00 0.00000000e+00
 1.72190951e-01 9.90097944e-01 9.90097944e-01 3.79814365e-01
 7.64973975e-04 1.55436201e-03 1.97753907e-03 2.05891927e-03
 2.16260730e-02 7.29533851e-01 9.90561811e-01 3.75689346e-01
 0.00000000e+00 0.00000000e+00 0.00000000e+00 0.00000000e+00
 0.00000000e+00 0.00000000e+00 0.00000000e+00 0.00000000e+00
 0.00000000e+00 0.00000000e+00 0.00000000e+00 0.00000000e+00
 0.00000000e+00 0.00000000e+00 0.00000000e+00 0.00000000e+00
 1.72190951e-01 9.90097944e-01 9.90097944e-01 3.79602776e-01
 0.00000000e+00 2.44140626e-04 1.87174480e-03 2.05891927e-03
 4.24367632e-01 9.90260704e-01 9.90097944e-01 3.91343075e-02
 0.00000000e+00 0.00000000e+00 0.00000000e+00 0.00000000e+00
 0.00000000e+00 0.00000000e+00 0.00000000e+00 0.00000000e+00
 0.00000000e+00 0.00000000e+00 0.00000000e+00 0.00000000e+00
 0.00000000e+00 0.00000000e+00 0.00000000e+00 0.00000000e+00
 1.72190951e-01 9.90097944e-01 9.90097944e-01 3.79602776e-01
 8.13802112e-05 1.79036460e-03 2.05891927e-03 3.32849858e-02
 7.32470719e-01 9.90097944e-01 4.18737080e-01 3.91343084e-03
 0.00000000e+00 0.00000000e+00 0.00000000e+00 0.00000000e+00
 0.00000000e+00 0.00000000e+00 0.00000000e+00 0.00000000e+00
 0.00000000e+00 0.00000000e+00 0.00000000e+00 0.00000000e+00
 0.00000000e+00 0.00000000e+00 0.00000000e+00 0.00000000e+00
 1.72190951e-01 9.90097944e-01 9.90097944e-01 3.79602776e-01
 8.05664076e-04 2.05891927e-03 2.05891927e-03 4.62753238e-01
 9.90097944e-01 8.37474159e-01 6.65283238e-02 0.00000000e+00
 0.00000000e+00 0.00000000e+00 0.00000000e+00 0.00000000e+00
 0.00000000e+00 0.00000000e+00 0.00000000e+00 0.00000000e+00
 0.00000000e+00 0.00000000e+00 0.00000000e+00 0.00000000e+00
 0.00000000e+00 0.00000000e+00 0.00000000e+00 0.00000000e+00
 1.72190951e-01 9.90097944e-01 9.90097944e-01 3.79944573e-01
 1.94498699e-03 2.05891927e-03 8.35817849e-02 8.64884448e-01
 9.90097944e-01 4.18737080e-01 0.00000000e+00 0.00000000e+00
 0.00000000e+00 0.00000000e+00 0.00000000e+00 0.00000000e+00
 0.00000000e+00 0.00000000e+00 0.00000000e+00 0.00000000e+00
 0.00000000e+00 0.00000000e+00 0.00000000e+00 0.00000000e+00
 0.00000000e+00 0.00000000e+00 0.00000000e+00 0.00000000e+00
 8.21820453e-02 8.13993577e-01 9.90097944e-01 6.03897178e-01
 2.05891927e-03 3.71088979e-02 6.26368646e-01 9.90097944e-01
 8.64868172e-01 1.56537234e-02 0.00000000e+00 0.00000000e+00
 0.00000000e+00 0.00000000e+00 0.00000000e+00 0.00000000e+00
 0.00000000e+00 0.00000000e+00 0.00000000e+00 0.00000000e+00
 0.00000000e+00 0.00000000e+00 0.00000000e+00 0.00000000e+00
 0.00000000e+00 0.00000000e+00 0.00000000e+00 0.00000000e+00
 0.00000000e+00 2.38719268e-01 9.67268403e-01 9.33422856e-01
 1.62444475e-01 1.76486869e-01 9.90097944e-01 9.90097944e-01
 3.75689346e-01 0.00000000e+00 0.00000000e+00 0.00000000e+00
 0.00000000e+00 0.00000000e+00 0.00000000e+00 0.00000000e+00
 0.00000000e+00 0.00000000e+00 0.00000000e+00 0.00000000e+00
 0.00000000e+00 0.00000000e+00 0.00000000e+00 0.00000000e+00
 0.00000000e+00 0.00000000e+00 0.00000000e+00 0.00000000e+00
 0.00000000e+00 0.00000000e+00 8.89667114e-01 9.92156863e-01
 5.84777617e-01 6.57456362e-01 9.90097944e-01 6.92677236e-01
 1.17402920e-02 0.00000000e+00 0.00000000e+00 0.00000000e+00
 0.00000000e+00 0.00000000e+00 0.00000000e+00 0.00000000e+00
 0.00000000e+00 0.00000000e+00 0.00000000e+00 0.00000000e+00
 0.00000000e+00 0.00000000e+00 0.00000000e+00 0.00000000e+00
 0.00000000e+00 0.00000000e+00 0.00000000e+00 0.00000000e+00
 0.00000000e+00 0.00000000e+00 8.35465026e-01 9.92156863e-01
 9.86518172e-01 9.90097944e-01 9.90097944e-01 2.19152116e-01
 0.00000000e+00 0.00000000e+00 0.00000000e+00 0.00000000e+00
 0.00000000e+00 0.00000000e+00 0.00000000e+00 0.00000000e+00
 0.00000000e+00 0.00000000e+00 0.00000000e+00 0.00000000e+00
 0.00000000e+00 0.00000000e+00 0.00000000e+00 0.00000000e+00
 0.00000000e+00 0.00000000e+00 0.00000000e+00 0.00000000e+00
 0.00000000e+00 0.00000000e+00 1.70181818e-01 9.92156863e-01
 9.90350223e-01 9.74444222e-01 6.26148919e-01 6.26148934e-02
 0.00000000e+00 0.00000000e+00 0.00000000e+00 0.00000000e+00
 0.00000000e+00 0.00000000e+00 0.00000000e+00 0.00000000e+00
 0.00000000e+00 0.00000000e+00 0.00000000e+00 0.00000000e+00
 0.00000000e+00 0.00000000e+00 0.00000000e+00 0.00000000e+00
 0.00000000e+00 0.00000000e+00 0.00000000e+00 0.00000000e+00
 0.00000000e+00 0.00000000e+00 9.73115856e-03 4.12488995e-01
 7.47554779e-01 5.32316108e-01 1.62760426e-05 0.00000000e+00
 0.00000000e+00 0.00000000e+00 0.00000000e+00 0.00000000e+00
 0.00000000e+00 0.00000000e+00 0.00000000e+00 0.00000000e+00
 0.00000000e+00 0.00000000e+00 0.00000000e+00 0.00000000e+00
 0.00000000e+00 0.00000000e+00 0.00000000e+00 0.00000000e+00
 0.00000000e+00 0.00000000e+00 0.00000000e+00 0.00000000e+00
 0.00000000e+00 0.00000000e+00 1.90429689e-03 2.05891927e-03
 1.72526044e-03 1.39160160e-03 1.22070313e-04 0.00000000e+00
 0.00000000e+00 0.00000000e+00 0.00000000e+00 0.00000000e+00
 0.00000000e+00 0.00000000e+00 0.00000000e+00 0.00000000e+00
 0.00000000e+00 0.00000000e+00 0.00000000e+00 0.00000000e+00
 0.00000000e+00 0.00000000e+00 0.00000000e+00 0.00000000e+00
 0.00000000e+00 0.00000000e+00 0.00000000e+00 0.00000000e+00
 0.00000000e+00 0.00000000e+00 1.55436201e-03 2.05891927e-03
 1.24511724e-03 0.00000000e+00 0.00000000e+00 0.00000000e+00
 0.00000000e+00 0.00000000e+00 0.00000000e+00 0.00000000e+00
 0.00000000e+00 0.00000000e+00 0.00000000e+00 0.00000000e+00
 0.00000000e+00 0.00000000e+00 0.00000000e+00 0.00000000e+00
 0.00000000e+00 0.00000000e+00 0.00000000e+00 0.00000000e+00
 0.00000000e+00 0.00000000e+00 0.00000000e+00 0.00000000e+00
 0.00000000e+00 0.00000000e+00 0.00000000e+00 0.00000000e+00
 0.00000000e+00 0.00000000e+00 0.00000000e+00 0.00000000e+00
 0.00000000e+00 0.00000000e+00 0.00000000e+00 0.00000000e+00
 0.00000000e+00 0.00000000e+00 0.00000000e+00 0.00000000e+00
 0.00000000e+00 0.00000000e+00 0.00000000e+00 0.00000000e+00]","[0.         0.         0.         0.         0.         0.
 0.         0.         0.         0.         0.         0.
 0.         0.         0.         0.         0.         0.
 0.         0.         0.         0.         0.         0.
 0.         0.         0.         0.         0.         0.
 0.         0.         0.         0.         0.         0.
 0.         0.         0.         0.         0.         0.
 0.         0.         0.         0.         0.         0.
 0.         0.         0.         0.         0.         0.
 0.         0.         0.         0.         0.         0.
 0.         0.         0.         0.         0.         0.
 0.         0.         0.         0.         0.         0.
 0.         0.         0.         0.         0.         0.
 0.         0.         0.         0.         0.         0.
 0.         0.         0.         0.         0.         0.
 0.         0.         0.         0.         0.         0.
 0.         0.         0.         0.         0.         0.
 0.         0.         0.         0.         0.         0.
 0.         0.         0.         0.         0.         0.
 0.         0.         0.         0.         0.         0.
 0.         0.         0.         0.         0.         0.
 0.         0.         0.         0.         0.         0.
 0.         0.         0.         0.         0.         0.
 0.         0.         0.         0.         0.         0.
 0.         0.         0.         0.         0.         0.
 0.         0.         0.26274511 0.60000002 1.         1.
 0.99607843 0.71764708 0.57254905 0.02352941 0.         0.
 0.         0.         0.         0.         0.         0.
 0.         0.         0.         0.         0.         0.
 0.         0.         0.         0.         0.         0.26666668
 0.92941177 0.99215686 0.99215686 0.99215686 0.99215686 0.99215686
 0.99215686 0.68627453 0.09803922 0.         0.         0.
 0.         0.         0.         0.         0.         0.
 0.         0.         0.         0.         0.         0.
 0.         0.         0.01960784 0.78431374 0.99215686 0.99215686
 0.43137255 0.1254902  0.1254902  0.22352941 0.70980394 0.99215686
 0.32549021 0.         0.         0.         0.         0.
 0.         0.         0.         0.         0.         0.
 0.         0.         0.         0.         0.         0.
 0.04313726 0.99215686 0.99215686 0.92941177 0.         0.
 0.         0.         0.         0.95686275 0.73725492 0.
 0.         0.         0.         0.         0.         0.
 0.         0.         0.         0.         0.         0.
 0.         0.         0.         0.         0.18039216 0.99215686
 0.99215686 0.29803923 0.         0.         0.         0.
 0.         0.95686275 0.73725492 0.         0.         0.
 0.         0.         0.         0.         0.         0.
 0.         0.         0.         0.         0.         0.
 0.         0.         0.84705883 0.99215686 0.83529413 0.04313726
 0.         0.         0.         0.         0.34509805 0.98823529
 0.53725493 0.         0.         0.         0.         0.
 0.         0.         0.         0.         0.         0.
 0.         0.         0.         0.         0.         0.28235295
 0.95686275 0.99215686 0.39215687 0.         0.         0.
 0.         0.         0.46666667 0.99215686 0.31764707 0.
 0.         0.         0.         0.         0.         0.
 0.         0.         0.         0.         0.         0.
 0.         0.         0.05882353 0.82745099 0.99215686 0.7019608
 0.05490196 0.         0.         0.         0.         0.08235294
 0.87058824 0.99215686 0.31764707 0.         0.         0.
 0.         0.         0.         0.         0.         0.
 0.         0.         0.         0.         0.         0.
 0.17254902 0.99215686 0.99215686 0.38039216 0.         0.
 0.         0.         0.         0.26274511 0.99215686 0.87058824
 0.02745098 0.         0.         0.         0.         0.
 0.         0.         0.         0.         0.         0.
 0.         0.         0.         0.         0.17254902 0.99215686
 0.99215686 0.38039216 0.         0.         0.         0.
 0.01960784 0.72941178 0.99215686 0.3764706  0.         0.
 0.         0.         0.         0.         0.         0.
 0.         0.         0.         0.         0.         0.
 0.         0.         0.17254902 0.99215686 0.99215686 0.38039216
 0.         0.         0.         0.         0.42352942 0.99215686
 0.99215686 0.03921569 0.         0.         0.         0.
 0.         0.         0.         0.         0.         0.
 0.         0.         0.         0.         0.         0.
 0.17254902 0.99215686 0.99215686 0.38039216 0.         0.
 0.         0.03137255 0.73333335 0.99215686 0.41960785 0.00392157
 0.         0.         0.         0.         0.         0.
 0.         0.         0.         0.         0.         0.
 0.         0.         0.         0.         0.17254902 0.99215686
 0.99215686 0.38039216 0.         0.         0.         0.4627451
 0.99215686 0.8392157  0.06666667 0.         0.         0.
 0.         0.         0.         0.         0.         0.
 0.         0.         0.         0.         0.         0.
 0.         0.         0.17254902 0.99215686 0.99215686 0.38039216
 0.         0.         0.08235294 0.86666667 0.99215686 0.41960785
 0.         0.         0.         0.         0.         0.
 0.         0.         0.         0.         0.         0.
 0.         0.         0.         0.         0.         0.
 0.08235294 0.81568629 0.99215686 0.60392159 0.         0.03529412
 0.627451   0.99215686 0.86666667 0.01568628 0.         0.
 0.         0.         0.         0.         0.         0.
 0.         0.         0.         0.         0.         0.
 0.         0.         0.         0.         0.         0.23921569
 0.96862745 0.93333334 0.16078432 0.17647059 0.99215686 0.99215686
 0.3764706  0.         0.         0.         0.         0.
 0.         0.         0.         0.         0.         0.
 0.         0.         0.         0.         0.         0.
 0.         0.         0.         0.         0.89019608 0.99215686
 0.58431375 0.65882355 0.99215686 0.69411767 0.01176471 0.
 0.         0.         0.         0.         0.         0.
 0.         0.         0.         0.         0.         0.
 0.         0.         0.         0.         0.         0.
 0.         0.         0.83529413 0.99215686 0.98823529 0.99215686
 0.99215686 0.21960784 0.         0.         0.         0.
 0.         0.         0.         0.         0.         0.
 0.         0.         0.         0.         0.         0.
 0.         0.         0.         0.         0.         0.
 0.16862746 0.99215686 0.99215686 0.97647059 0.627451   0.0627451
 0.         0.         0.         0.         0.         0.
 0.         0.         0.         0.         0.         0.
 0.         0.         0.         0.         0.         0.
 0.         0.         0.         0.         0.00784314 0.41176471
 0.74901962 0.53333336 0.         0.         0.         0.
 0.         0.         0.         0.         0.         0.
 0.         0.         0.         0.         0.         0.
 0.         0.         0.         0.         0.         0.
 0.         0.         0.         0.         0.         0.
 0.         0.         0.         0.         0.         0.
 0.         0.         0.         0.         0.         0.
 0.         0.         0.         0.         0.         0.
 0.         0.         0.         0.         0.         0.
 0.         0.         0.         0.         0.         0.
 0.         0.         0.         0.         0.         0.
 0.         0.         0.         0.         0.         0.
 0.         0.         0.         0.         0.         0.
 0.         0.         0.         0.         0.         0.
 0.         0.         0.         0.         0.         0.
 0.         0.         0.         0.         0.         0.
 0.         0.         0.         0.        ]"
