,index,distance,used_time,pert point,ori point
0,0,0.3076171875,365.1347246170044,"[0.         0.         0.         0.         0.         0.
 0.         0.         0.         0.         0.         0.
 0.         0.         0.         0.         0.         0.
 0.         0.         0.         0.         0.         0.
 0.         0.         0.         0.         0.         0.
 0.         0.         0.         0.         0.         0.
 0.         0.         0.         0.         0.         0.
 0.         0.         0.         0.         0.         0.
 0.         0.         0.         0.         0.         0.
 0.         0.         0.         0.         0.         0.
 0.         0.         0.         0.         0.         0.
 0.16285617 0.3052045  0.3052045  0.30761719 0.20507813 0.16044348
 0.         0.         0.         0.         0.         0.
 0.         0.         0.         0.         0.         0.
 0.         0.         0.         0.         0.         0.
 0.         0.         0.         0.11339614 0.29796645 0.30399816
 0.30399816 0.3052045  0.30399816 0.29796645 0.16164982 0.05066636
 0.         0.         0.         0.         0.         0.
 0.         0.         0.         0.         0.         0.
 0.         0.         0.         0.         0.         0.
 0.         0.13149127 0.30399816 0.31214384 0.76287149 0.99758732
 0.99366575 0.93393076 0.70585173 0.37098653 0.03015855 0.
 0.         0.         0.         0.         0.         0.
 0.         0.         0.         0.         0.         0.
 0.         0.         0.         0.         0.00120634 0.23041131
 0.30399816 0.49406404 0.99095052 0.99487209 0.99095052 0.99095052
 0.99095052 0.98129596 0.5203508  0.04946002 0.         0.
 0.         0.         0.         0.         0.         0.
 0.         0.         0.         0.         0.         0.
 0.         0.         0.00120634 0.22920497 0.30399816 0.18728555
 0.29324449 0.3638404  0.05430454 0.41236214 0.71671264 0.91070007
 0.95022212 0.30163527 0.         0.         0.         0.
 0.         0.         0.         0.         0.         0.
 0.         0.         0.         0.         0.         0.
 0.         0.01809513 0.04222197 0.01206342 0.         0.
 0.         0.00603171 0.14355469 0.44911152 0.99095052 0.8645527
 0.0373966  0.         0.         0.         0.         0.
 0.         0.         0.         0.         0.         0.
 0.         0.         0.         0.         0.         0.
 0.         0.         0.         0.         0.         0.
 0.         0.32064186 0.98491881 0.79545421 0.25453815 0.02533318
 0.         0.         0.         0.         0.         0.
 0.         0.         0.         0.         0.         0.
 0.         0.         0.         0.         0.         0.
 0.         0.         0.         0.         0.02172182 0.40185357
 0.93515242 0.54836857 0.30399816 0.17371324 0.         0.
 0.         0.         0.         0.         0.         0.
 0.         0.         0.         0.         0.         0.
 0.         0.         0.         0.         0.         0.
 0.         0.         0.24980086 0.68695236 0.50953969 0.26780791
 0.3052045  0.17491959 0.         0.         0.         0.
 0.         0.         0.         0.         0.         0.
 0.         0.         0.         0.         0.         0.
 0.         0.         0.         0.         0.09774817 0.42357538
 0.61364124 0.5783433  0.02986749 0.21834789 0.30399816 0.17371324
 0.         0.         0.         0.         0.         0.
 0.         0.         0.         0.         0.         0.
 0.         0.         0.00120634 0.02533318 0.01326976 0.03860294
 0.         0.25523132 0.61635647 0.68695236 0.48331037 0.09231771
 0.         0.21834789 0.30399816 0.17371324 0.         0.
 0.         0.         0.         0.         0.         0.
 0.         0.         0.         0.         0.         0.02533318
 0.17371324 0.2473001  0.31157323 0.61323913 0.64887793 0.86458717
 0.7110792  0.48874082 0.02172182 0.         0.05066636 0.26660156
 0.30399816 0.17371324 0.         0.         0.         0.
 0.         0.         0.         0.         0.         0.
 0.         0.         0.         0.21955423 0.3052045  0.3052045
 0.59301854 0.99487209 0.99487209 1.         0.99487209 0.79666055
 0.32692632 0.13269761 0.28107767 0.3052045  0.3052045  0.17491959
 0.         0.         0.         0.         0.         0.
 0.         0.         0.         0.         0.         0.
 0.07599954 0.29193474 0.30399816 0.30399816 0.51307063 0.80088466
 0.80088466 0.72877989 0.76287149 0.99095052 0.83346738 0.3052045
 0.30399816 0.30399816 0.30399816 0.17371324 0.         0.
 0.         0.         0.         0.         0.         0.
 0.         0.         0.         0.         0.11339614 0.30399816
 0.30399816 0.30399816 0.30399816 0.30399816 0.30399816 0.3052045
 0.3175743  0.74929536 0.93121554 0.36222427 0.30399816 0.30399816
 0.30399816 0.17371324 0.         0.         0.         0.
 0.         0.         0.         0.         0.         0.
 0.         0.         0.2617762  0.30399816 0.30399816 0.30399816
 0.30399816 0.30399816 0.30399816 0.3052045  0.30399816 0.6026731
 0.99095052 0.40023744 0.30399816 0.30399816 0.30399816 0.17371324
 0.         0.         0.         0.         0.         0.
 0.         0.         0.         0.         0.         0.
 0.08806296 0.3052045  0.3052045  0.3052045  0.3052045  0.3052045
 0.3052045  0.30761719 0.44639629 0.93785233 0.86725644 0.32119332
 0.3052045  0.3052045  0.3052045  0.23161765 0.01809513 0.
 0.         0.         0.         0.         0.         0.
 0.         0.         0.         0.         0.01206342 0.17974495
 0.30399816 0.30399816 0.30399816 0.30399816 0.30399816 0.44368107
 0.93936122 0.96651348 0.61081878 0.26780791 0.24126839 0.30399816
 0.30399816 0.3052045  0.21714155 0.02533318 0.         0.
 0.         0.         0.         0.         0.         0.
 0.         0.         0.         0.03860294 0.25936351 0.30399816
 0.30399816 0.30671339 0.45876609 0.94599801 0.99095052 0.68503755
 0.25936351 0.04946002 0.02533318 0.11822151 0.30399816 0.3052045
 0.30399816 0.08565028 0.         0.         0.         0.
 0.         0.         0.         0.         0.         0.05973499
 0.2335095  0.00814568 0.00120634 0.2255936  0.45062041 0.68412992
 0.99095052 0.97858073 0.5167088  0.12184437 0.         0.
 0.         0.01930147 0.22920497 0.3052045  0.30399816 0.18577666
 0.         0.         0.         0.         0.         0.
 0.         0.         0.         0.         0.52675399 0.52403877
 0.49960173 0.58377375 0.68695236 0.68695236 0.58648898 0.21450292
 0.         0.         0.         0.         0.         0.
 0.         0.         0.         0.         0.         0.
 0.         0.         0.         0.         0.         0.
 0.         0.         0.16834406 0.65436964 0.68695236 0.68695236
 0.58648898 0.35840995 0.06788067 0.         0.         0.
 0.         0.         0.         0.         0.         0.
 0.         0.         0.         0.         0.         0.
 0.         0.         0.         0.         0.         0.
 0.         0.         0.         0.         0.         0.
 0.         0.         0.         0.         0.         0.
 0.         0.         0.         0.         0.         0.
 0.         0.         0.         0.         0.         0.
 0.         0.         0.         0.         0.         0.
 0.         0.         0.         0.         0.         0.
 0.         0.         0.         0.         0.         0.
 0.         0.         0.         0.         0.         0.
 0.         0.         0.         0.         0.         0.
 0.         0.         0.         0.         0.         0.
 0.         0.         0.         0.         0.         0.
 0.         0.         0.         0.         0.         0.
 0.         0.         0.         0.         0.         0.
 0.         0.         0.         0.         0.         0.
 0.         0.         0.         0.         0.         0.
 0.         0.         0.         0.         0.         0.
 0.         0.         0.         0.         0.         0.
 0.         0.         0.         0.        ]","[0.         0.         0.         0.         0.         0.
 0.         0.         0.         0.         0.         0.
 0.         0.         0.         0.         0.         0.
 0.         0.         0.         0.         0.         0.
 0.         0.         0.         0.         0.         0.
 0.         0.         0.         0.         0.         0.
 0.         0.         0.         0.         0.         0.
 0.         0.         0.         0.         0.         0.
 0.         0.         0.         0.         0.         0.
 0.         0.         0.         0.         0.         0.
 0.         0.         0.         0.         0.         0.
 0.         0.         0.         0.         0.         0.
 0.         0.         0.         0.         0.         0.
 0.         0.         0.         0.         0.         0.
 0.         0.         0.         0.         0.         0.
 0.         0.         0.         0.         0.         0.
 0.         0.         0.         0.         0.         0.
 0.         0.         0.         0.         0.         0.
 0.         0.         0.         0.         0.         0.
 0.         0.         0.         0.         0.         0.
 0.         0.         0.         0.01176471 0.66274512 1.
 0.99607843 0.90980393 0.58039218 0.14901961 0.         0.
 0.         0.         0.         0.         0.         0.
 0.         0.         0.         0.         0.         0.
 0.         0.         0.         0.         0.         0.
 0.         0.27450982 0.99215686 0.99607843 0.99215686 0.99215686
 0.99215686 0.97647059 0.47450981 0.         0.         0.
 0.         0.         0.         0.         0.         0.
 0.         0.         0.         0.         0.         0.
 0.         0.         0.         0.         0.         0.00392157
 0.42352942 0.52549022 0.07843138 0.3882353  0.59607846 0.87450981
 0.93333334 0.20392157 0.         0.         0.         0.
 0.         0.         0.         0.         0.         0.
 0.         0.         0.         0.         0.         0.
 0.         0.         0.         0.         0.         0.
 0.         0.         0.         0.20784314 0.99215686 0.85490197
 0.         0.         0.         0.         0.         0.
 0.         0.         0.         0.         0.         0.
 0.         0.         0.         0.         0.         0.
 0.         0.         0.         0.         0.         0.
 0.         0.23137255 0.99215686 0.70980394 0.         0.
 0.         0.         0.         0.         0.         0.
 0.         0.         0.         0.         0.         0.
 0.         0.         0.         0.         0.         0.
 0.         0.         0.         0.         0.03137255 0.58039218
 0.97254902 0.35294119 0.         0.         0.         0.
 0.         0.         0.         0.         0.         0.
 0.         0.         0.         0.         0.         0.
 0.         0.         0.         0.         0.         0.
 0.         0.         0.36078432 0.99215686 0.66274512 0.
 0.         0.         0.         0.         0.         0.
 0.         0.         0.         0.         0.         0.
 0.         0.         0.         0.         0.         0.
 0.         0.         0.         0.         0.14117648 0.61176473
 0.88627452 0.83529413 0.04313726 0.         0.         0.
 0.         0.         0.         0.         0.         0.
 0.         0.         0.         0.         0.         0.
 0.         0.         0.         0.         0.         0.
 0.         0.36862746 0.89019608 0.99215686 0.69803923 0.13333334
 0.         0.         0.         0.         0.         0.
 0.         0.         0.         0.         0.         0.
 0.         0.         0.         0.         0.         0.
 0.         0.         0.14509805 0.47450981 0.68627453 0.99607843
 0.99215686 0.70588237 0.03137255 0.         0.         0.
 0.         0.         0.         0.         0.         0.
 0.         0.         0.         0.         0.         0.
 0.         0.         0.         0.         0.         0.
 0.41568628 0.99607843 0.99607843 1.         0.99607843 0.70980394
 0.03137255 0.         0.         0.         0.         0.
 0.         0.         0.         0.         0.         0.
 0.         0.         0.         0.         0.         0.
 0.         0.         0.         0.         0.3019608  0.71764708
 0.71764708 0.61176473 0.66274512 0.99215686 0.7647059  0.
 0.         0.         0.         0.         0.         0.
 0.         0.         0.         0.         0.         0.
 0.         0.         0.         0.         0.         0.
 0.         0.         0.         0.         0.         0.
 0.01960784 0.64313728 0.90588236 0.08235294 0.         0.
 0.         0.         0.         0.         0.         0.
 0.         0.         0.         0.         0.         0.
 0.         0.         0.         0.         0.         0.
 0.         0.         0.         0.         0.         0.43137255
 0.99215686 0.13725491 0.         0.         0.         0.
 0.         0.         0.         0.         0.         0.
 0.         0.         0.         0.         0.         0.
 0.         0.         0.         0.         0.         0.
 0.         0.         0.20392157 0.9137255  0.81176472 0.01960784
 0.         0.         0.         0.         0.         0.
 0.         0.         0.         0.         0.         0.
 0.         0.         0.         0.         0.         0.
 0.         0.         0.         0.         0.         0.2
 0.91764706 0.95686275 0.44313726 0.         0.         0.
 0.         0.         0.         0.         0.         0.
 0.         0.         0.         0.         0.         0.
 0.         0.         0.         0.         0.         0.
 0.         0.00392157 0.22352941 0.9254902  0.99215686 0.56078434
 0.         0.         0.         0.         0.         0.
 0.         0.         0.         0.         0.         0.
 0.         0.         0.         0.         0.         0.08627451
 0.33725491 0.01176471 0.         0.03137255 0.21176471 0.54901963
 0.99215686 0.97254902 0.38039216 0.01568628 0.         0.
 0.         0.         0.         0.         0.         0.
 0.         0.         0.         0.         0.         0.
 0.         0.         0.         0.         0.76078433 0.75686276
 0.72156864 0.84313726 0.99215686 0.99215686 0.84705883 0.30980393
 0.         0.         0.         0.         0.         0.
 0.         0.         0.         0.         0.         0.
 0.         0.         0.         0.         0.         0.
 0.         0.         0.24313726 0.94509804 0.99215686 0.99215686
 0.84705883 0.51764709 0.09803922 0.         0.         0.
 0.         0.         0.         0.         0.         0.
 0.         0.         0.         0.         0.         0.
 0.         0.         0.         0.         0.         0.
 0.         0.         0.         0.         0.         0.
 0.         0.         0.         0.         0.         0.
 0.         0.         0.         0.         0.         0.
 0.         0.         0.         0.         0.         0.
 0.         0.         0.         0.         0.         0.
 0.         0.         0.         0.         0.         0.
 0.         0.         0.         0.         0.         0.
 0.         0.         0.         0.         0.         0.
 0.         0.         0.         0.         0.         0.
 0.         0.         0.         0.         0.         0.
 0.         0.         0.         0.         0.         0.
 0.         0.         0.         0.         0.         0.
 0.         0.         0.         0.         0.         0.
 0.         0.         0.         0.         0.         0.
 0.         0.         0.         0.         0.         0.
 0.         0.         0.         0.         0.         0.
 0.         0.         0.         0.         0.         0.
 0.         0.         0.         0.        ]"
1,1,0.30446537997340783,358.60672760009766,"[0.         0.         0.         0.         0.         0.
 0.         0.         0.         0.         0.         0.
 0.         0.         0.         0.         0.         0.
 0.         0.         0.         0.         0.         0.
 0.         0.         0.         0.         0.         0.
 0.         0.         0.         0.         0.         0.
 0.         0.         0.         0.29407169 0.18787915 0.
 0.         0.         0.         0.         0.         0.
 0.         0.         0.         0.         0.         0.
 0.         0.         0.         0.         0.         0.
 0.         0.         0.         0.         0.         0.
 0.02450598 0.57452896 0.15248162 0.         0.         0.
 0.         0.         0.         0.         0.         0.
 0.         0.         0.         0.         0.         0.
 0.         0.         0.         0.         0.         0.
 0.         0.         0.         0.         0.10346967 0.60175782
 0.06807215 0.         0.         0.         0.         0.
 0.         0.         0.         0.         0.         0.
 0.         0.         0.         0.         0.         0.
 0.         0.         0.         0.         0.         0.
 0.         0.         0.37575829 0.44110755 0.1102788  0.2553194
 0.2685049  0.26011413 0.19898132 0.06592754 0.         0.
 0.         0.         0.         0.         0.         0.
 0.         0.         0.         0.         0.         0.
 0.         0.         0.         0.         0.         0.
 0.59243644 0.30474496 0.30446538 0.30446538 0.24213389 0.19178922
 0.25771676 0.26131281 0.2205576  0.08510647 0.075517   0.01438419
 0.         0.         0.         0.         0.         0.
 0.         0.         0.         0.         0.         0.
 0.         0.         0.00599341 0.36319701 0.8067785  0.30446538
 0.29127987 0.09589461 0.00599341 0.         0.13425245 0.30446538
 0.28888251 0.29967065 0.30446538 0.13425245 0.         0.
 0.         0.         0.         0.         0.         0.
 0.         0.         0.         0.         0.         0.
 0.04315258 0.74285005 0.61759728 0.29247855 0.0899012  0.
 0.         0.01078814 0.26251149 0.30446538 0.26371017 0.29247855
 0.29847197 0.05034467 0.         0.         0.         0.
 0.         0.         0.         0.         0.         0.
 0.         0.         0.         0.         0.13545113 0.92800628
 0.43516391 0.08750383 0.         0.         0.         0.00479473
 0.14024586 0.14504059 0.30206801 0.30446538 0.24692862 0.
 0.         0.         0.         0.         0.         0.
 0.         0.         0.         0.         0.         0.
 0.         0.         0.20265012 0.99880132 0.36709176 0.00839078
 0.         0.         0.         0.         0.00119868 0.14264323
 0.30446538 0.3032667  0.10668275 0.         0.         0.
 0.         0.         0.         0.         0.         0.
 0.         0.         0.         0.         0.         0.
 0.37337623 0.99607843 0.36709176 0.18579581 0.         0.
 0.         0.04435126 0.18100108 0.30446538 0.42154948 0.54237518
 0.37575829 0.04628906 0.         0.         0.         0.
 0.         0.         0.         0.         0.         0.
 0.         0.         0.         0.         0.27120865 0.81330424
 0.31535692 0.3032667  0.17620635 0.075517   0.19298791 0.27809436
 0.30446538 0.38035004 0.65907246 0.52519149 0.57997473 0.36486675
 0.         0.         0.         0.         0.         0.
 0.         0.         0.         0.         0.         0.
 0.         0.         0.34820389 0.57053463 0.30446538 0.30446538
 0.30446538 0.29727328 0.30446538 0.30446538 0.30086933 0.74435509
 0.3264208  0.03539752 0.16065028 0.50101104 0.         0.
 0.         0.         0.         0.         0.         0.
 0.         0.         0.         0.         0.         0.
 0.50373393 0.51092602 0.27090227 0.30446538 0.30446538 0.30446538
 0.30446538 0.30446538 0.62848882 0.44435127 0.00479473 0.
 0.         0.41115581 0.         0.         0.         0.
 0.         0.         0.         0.         0.         0.
 0.         0.         0.         0.10068934 0.74434361 0.79835709
 0.30379902 0.26730622 0.26730622 0.28768382 0.27329963 0.31828661
 0.90894608 0.1798024  0.07911306 0.01678156 0.         0.45472198
 0.         0.         0.         0.         0.         0.
 0.         0.         0.         0.         0.         0.
 0.1378485  0.29487592 0.68032707 0.82882584 0.07450981 0.
 0.         0.03715916 0.01198683 0.09433977 0.82425323 0.58848806
 0.30544194 0.26610754 0.31986827 0.29398362 0.         0.
 0.         0.         0.         0.         0.         0.
 0.         0.         0.00239737 0.13305377 0.2960746  0.30446538
 0.32007507 0.69161305 0.24505975 0.         0.         0.
 0.         0.         0.06807215 0.69161305 0.32657017 0.27982537
 0.87354857 0.45672488 0.09589461 0.         0.         0.
 0.         0.         0.         0.         0.         0.
 0.09229856 0.23134575 0.30446538 0.26251149 0.         0.53096279
 0.64532399 0.14975873 0.         0.         0.         0.
 0.         0.07079504 0.51462547 0.79230239 0.6747779  0.30446538
 0.29487592 0.03236443 0.         0.         0.         0.
 0.         0.         0.         0.         0.06832491 0.30086933
 0.30446538 0.3032667  0.09109988 0.20149357 0.60992648 0.63715533
 0.24233686 0.         0.         0.         0.         0.08168658
 0.50373393 0.62564339 0.38887485 0.30446538 0.22295497 0.
 0.         0.         0.         0.         0.         0.
 0.         0.         0.         0.22894838 0.30446538 0.30446538
 0.27449832 0.04075521 0.11436122 0.5854205  0.64260111 0.5663603
 0.42749312 0.42749312 0.56363742 0.64532399 0.44655332 0.18752682
 0.30446538 0.30446538 0.12226563 0.         0.         0.
 0.         0.         0.         0.         0.         0.
 0.         0.05274204 0.2553194  0.30446538 0.30446538 0.28169041
 0.03236443 0.0190602  0.28045727 0.59903493 0.68889017 0.66438419
 0.43566178 0.28045727 0.05829121 0.23973652 0.30446538 0.28288909
 0.06353018 0.         0.         0.         0.         0.
 0.         0.         0.         0.         0.         0.
 0.03236443 0.22295497 0.30446538 0.30446538 0.28528646 0.17860371
 0.03955653 0.00479473 0.         0.         0.         0.01078814
 0.21816024 0.29847197 0.2553194  0.05274204 0.         0.
 0.         0.         0.         0.         0.         0.
 0.         0.         0.         0.         0.         0.01078814
 0.08390779 0.18579581 0.26371017 0.28768382 0.30446538 0.23973652
 0.23134575 0.23134575 0.23134575 0.25412071 0.29487592 0.18939186
 0.         0.         0.         0.         0.         0.
 0.         0.         0.         0.         0.         0.
 0.         0.         0.         0.         0.         0.00359605
 0.06113281 0.         0.18459713 0.21696156 0.25412071 0.19778264
 0.19778264 0.12706036 0.0347618  0.         0.         0.
 0.         0.         0.         0.         0.         0.
 0.         0.         0.         0.         0.         0.
 0.         0.         0.         0.         0.         0.
 0.         0.         0.         0.         0.         0.
 0.         0.         0.         0.         0.         0.
 0.         0.         0.         0.         0.         0.
 0.         0.         0.         0.         0.         0.
 0.         0.         0.         0.         0.         0.
 0.         0.         0.         0.         0.         0.
 0.         0.         0.         0.         0.         0.
 0.         0.         0.         0.         0.         0.
 0.         0.         0.         0.         0.         0.
 0.         0.         0.         0.         0.         0.
 0.         0.         0.         0.         0.         0.
 0.         0.         0.         0.         0.         0.
 0.         0.         0.         0.         0.         0.
 0.         0.         0.         0.         0.         0.
 0.         0.         0.         0.         0.         0.
 0.         0.         0.         0.         0.         0.
 0.         0.         0.         0.        ]","[0.         0.         0.         0.         0.         0.
 0.         0.         0.         0.         0.         0.
 0.         0.         0.         0.         0.         0.
 0.         0.         0.         0.         0.         0.
 0.         0.         0.         0.         0.         0.
 0.         0.         0.         0.         0.         0.
 0.         0.         0.         0.42352942 0.27058825 0.
 0.         0.         0.         0.         0.         0.
 0.         0.         0.         0.         0.         0.
 0.         0.         0.         0.         0.         0.
 0.         0.         0.         0.         0.         0.
 0.03529412 0.82745099 0.21960784 0.         0.         0.
 0.         0.         0.         0.         0.         0.
 0.         0.         0.         0.         0.         0.
 0.         0.         0.         0.         0.         0.
 0.         0.         0.         0.         0.14901961 0.86666667
 0.09803922 0.         0.         0.         0.         0.
 0.         0.         0.         0.         0.         0.
 0.         0.         0.         0.         0.         0.
 0.         0.         0.         0.         0.         0.
 0.         0.         0.5411765  0.63529414 0.         0.
 0.         0.         0.         0.         0.         0.
 0.         0.         0.         0.         0.         0.
 0.         0.         0.         0.         0.         0.
 0.         0.         0.         0.         0.         0.
 0.72549021 0.13333334 0.         0.         0.         0.
 0.         0.         0.         0.         0.         0.
 0.         0.         0.         0.         0.         0.
 0.         0.         0.         0.         0.         0.
 0.         0.         0.         0.31764707 0.73725492 0.
 0.         0.         0.         0.         0.         0.
 0.         0.         0.         0.         0.         0.
 0.         0.         0.         0.         0.         0.
 0.         0.         0.         0.         0.         0.
 0.         0.63137257 0.4509804  0.         0.         0.
 0.         0.         0.         0.         0.         0.
 0.         0.         0.         0.         0.         0.
 0.         0.         0.         0.         0.         0.
 0.         0.         0.         0.         0.         0.89803922
 0.1882353  0.         0.         0.         0.         0.
 0.         0.         0.         0.         0.         0.
 0.         0.         0.         0.         0.         0.
 0.         0.         0.         0.         0.         0.
 0.         0.         0.10196079 1.         0.09019608 0.
 0.         0.         0.         0.         0.         0.
 0.         0.         0.         0.         0.         0.
 0.         0.         0.         0.         0.         0.
 0.         0.         0.         0.         0.         0.
 0.49803922 0.99607843 0.09019608 0.         0.         0.
 0.         0.         0.         0.         0.16862746 0.5411765
 0.5411765  0.06666667 0.         0.         0.         0.
 0.         0.         0.         0.         0.         0.
 0.         0.         0.         0.         0.36470589 0.77254903
 0.01568628 0.         0.         0.         0.         0.
 0.         0.19215687 0.87843138 0.75294119 0.83529413 0.52549022
 0.         0.         0.         0.         0.         0.
 0.         0.         0.         0.         0.         0.
 0.         0.         0.49803922 0.72156864 0.         0.
 0.         0.         0.         0.         0.         0.99607843
 0.46666667 0.05098039 0.23137255 0.72156864 0.         0.
 0.         0.         0.         0.         0.         0.
 0.         0.         0.         0.         0.         0.
 0.72549021 0.72549021 0.         0.         0.         0.
 0.         0.         0.46666667 0.40000001 0.         0.
 0.         0.59215689 0.         0.         0.         0.
 0.         0.         0.         0.         0.         0.
 0.         0.         0.         0.         0.72156864 0.82352942
 0.03529412 0.         0.         0.         0.         0.05098039
 0.87058824 0.         0.         0.         0.         0.65490198
 0.         0.         0.         0.         0.         0.
 0.         0.         0.         0.         0.         0.
 0.         0.         0.55686277 0.94509804 0.07450981 0.
 0.         0.         0.         0.08235294 0.93333334 0.49019608
 0.01176471 0.         0.2        0.36470589 0.         0.
 0.         0.         0.         0.         0.         0.
 0.         0.         0.         0.         0.         0.
 0.23137255 0.99607843 0.35294119 0.         0.         0.
 0.         0.         0.09803922 0.99607843 0.35294119 0.03529412
 0.81960785 0.23137255 0.         0.         0.         0.
 0.         0.         0.         0.         0.         0.
 0.         0.         0.         0.         0.         0.7647059
 0.92941177 0.21568628 0.         0.         0.         0.
 0.         0.10196079 0.74117649 0.99607843 0.53333336 0.
 0.         0.         0.         0.         0.         0.
 0.         0.         0.         0.         0.         0.
 0.         0.         0.         0.29019609 0.87843138 0.91764706
 0.34901962 0.         0.         0.         0.         0.11764706
 0.72549021 0.80784315 0.12156863 0.         0.         0.
 0.         0.         0.         0.         0.         0.
 0.         0.         0.         0.         0.         0.
 0.         0.         0.16470589 0.84313726 0.9254902  0.81568629
 0.6156863  0.6156863  0.81176472 0.92941177 0.64313728 0.03529412
 0.         0.         0.         0.         0.         0.
 0.         0.         0.         0.         0.         0.
 0.         0.         0.         0.         0.         0.
 0.         0.02745098 0.40392157 0.86274511 0.99215686 0.95686275
 0.627451   0.40392157 0.02352941 0.         0.         0.
 0.         0.         0.         0.         0.         0.
 0.         0.         0.         0.         0.         0.
 0.         0.         0.         0.         0.         0.
 0.         0.         0.         0.         0.         0.
 0.         0.         0.         0.         0.         0.
 0.         0.         0.         0.         0.         0.
 0.         0.         0.         0.         0.         0.
 0.         0.         0.         0.         0.         0.
 0.         0.         0.         0.         0.         0.
 0.         0.         0.         0.         0.         0.
 0.         0.         0.         0.         0.         0.
 0.         0.         0.         0.         0.         0.
 0.         0.         0.         0.         0.         0.
 0.         0.         0.         0.         0.         0.
 0.         0.         0.         0.         0.         0.
 0.         0.         0.         0.         0.         0.
 0.         0.         0.         0.         0.         0.
 0.         0.         0.         0.         0.         0.
 0.         0.         0.         0.         0.         0.
 0.         0.         0.         0.         0.         0.
 0.         0.         0.         0.         0.         0.
 0.         0.         0.         0.         0.         0.
 0.         0.         0.         0.         0.         0.
 0.         0.         0.         0.         0.         0.
 0.         0.         0.         0.         0.         0.
 0.         0.         0.         0.         0.         0.
 0.         0.         0.         0.         0.         0.
 0.         0.         0.         0.         0.         0.
 0.         0.         0.         0.         0.         0.
 0.         0.         0.         0.         0.         0.
 0.         0.         0.         0.         0.         0.
 0.         0.         0.         0.         0.         0.
 0.         0.         0.         0.         0.         0.
 0.         0.         0.         0.        ]"
