,index,distance,used_time,pert point,ori point
0,0,0.3818359375,197.93850302696228,"[0.         0.         0.         0.         0.         0.
 0.         0.         0.         0.         0.         0.
 0.         0.         0.         0.         0.         0.
 0.         0.         0.         0.         0.         0.
 0.         0.         0.         0.         0.         0.
 0.         0.         0.         0.         0.         0.
 0.         0.         0.         0.         0.         0.
 0.         0.         0.         0.         0.         0.
 0.         0.         0.         0.         0.         0.
 0.         0.         0.         0.         0.         0.
 0.         0.         0.         0.         0.         0.
 0.         0.         0.         0.         0.         0.
 0.         0.01197917 0.17519531 0.38033854 0.32942709 0.13326823
 0.         0.         0.         0.         0.         0.
 0.         0.         0.         0.         0.         0.
 0.         0.         0.         0.         0.         0.
 0.         0.         0.         0.01946614 0.14225261 0.31744792
 0.37884115 0.37884115 0.37884115 0.23509115 0.         0.
 0.         0.         0.         0.         0.         0.
 0.         0.         0.         0.         0.         0.
 0.         0.         0.31029414 0.31029414 0.46301701 0.64212239
 0.60526962 0.4681028  0.37884115 0.37884115 0.37884115 0.36686198
 0.18717448 0.02695312 0.         0.         0.         0.
 0.         0.         0.         0.         0.         0.
 0.         0.         0.         0.         0.15514707 0.61816406
 0.61816406 0.67805989 0.76191407 0.92662761 0.99700521 0.9985026
 0.99700521 0.53398821 0.29648438 0.09583334 0.         0.
 0.         0.         0.         0.         0.         0.
 0.         0.         0.         0.         0.         0.
 0.         0.         0.31029414 0.68404948 0.89069011 0.97753906
 0.99700521 0.99700521 0.99700521 0.9985026  0.99700521 0.60677852
 0.0359375  0.         0.         0.         0.         0.
 0.         0.         0.         0.         0.         0.
 0.         0.         0.         0.         0.         0.
 0.31029414 0.640625   0.70800781 0.70800781 0.86972657 0.99700521
 0.99700521 0.9985026  0.91764323 0.34473424 0.         0.
 0.15514707 0.         0.         0.         0.         0.
 0.         0.         0.         0.         0.         0.
 0.         0.         0.         0.         0.31029414 0.61816406
 0.61816406 0.72298178 0.98802083 0.99700521 0.99700521 0.98502604
 0.64960937 0.61816406 0.         0.         0.61816406 0.
 0.         0.         0.         0.         0.         0.
 0.         0.         0.         0.         0.         0.
 0.         0.         0.15514707 0.61816406 0.73046875 0.77297795
 0.68913528 0.68913528 0.928125   0.75592448 0.61816406 0.61816406
 0.15514707 0.         0.61816406 0.         0.         0.
 0.         0.         0.         0.         0.         0.
 0.         0.         0.         0.         0.         0.
 0.         0.11829428 0.63822383 0.37884115 0.37884115 0.37884115
 0.8248047  0.61816406 0.61816406 0.61816406 0.         0.
 0.61816406 0.         0.         0.         0.         0.
 0.         0.         0.         0.         0.         0.
 0.         0.         0.         0.         0.15722656 0.37434896
 0.37884115 0.37884115 0.37884115 0.20605852 0.61966146 0.61816406
 0.61816406 0.61816406 0.         0.         0.61816406 0.
 0.         0.         0.         0.         0.         0.
 0.         0.         0.         0.         0.         0.
 0.         0.14225261 0.38033854 0.38033854 0.38033854 0.38033854
 0.14075521 0.46301701 0.61816406 0.61816406 0.61816406 0.31029414
 0.00449219 0.01946614 0.63763021 0.01946614 0.01197917 0.
 0.         0.         0.         0.         0.         0.
 0.         0.         0.         0.         0.         0.16022136
 0.37884115 0.37884115 0.37884115 0.30546875 0.33275507 0.61816406
 0.61816406 0.61816406 0.61816406 0.34173945 0.24856772 0.37884115
 0.99700521 0.37884115 0.31744792 0.03743489 0.         0.
 0.         0.         0.         0.         0.         0.
 0.         0.         0.04941406 0.3249349  0.37884115 0.37884115
 0.19765626 0.40612747 0.61816406 0.61816406 0.64511719 0.68255208
 0.85325522 0.41120176 0.37884115 0.37884115 0.99700521 0.37884115
 0.37884115 0.23958334 0.00299479 0.         0.         0.
 0.         0.         0.         0.         0.         0.00449219
 0.24856772 0.37884115 0.37884115 0.36236979 0.22851946 0.64361979
 0.69153645 0.85475261 0.93261719 0.9985026  0.84185816 0.37884115
 0.37884115 0.37884115 0.99700521 0.37884115 0.37884115 0.37884115
 0.01647135 0.         0.         0.         0.         0.
 0.         0.         0.         0.01497396 0.33990886 0.37884115
 0.37884115 0.30996094 0.640625   0.87571615 0.99700521 0.99700521
 0.99700521 0.9985026  0.68015091 0.6112707  0.53398821 0.31445313
 0.93261719 0.37884115 0.37884115 0.26204428 0.00598958 0.
 0.         0.         0.         0.         0.         0.
 0.         0.01497396 0.34140625 0.37884115 0.53398821 0.95358073
 0.7484375  0.98053386 0.99700521 0.99700521 0.8936849  0.70800781
 0.69902343 0.63164062 0.40013788 0.05240885 0.89069011 0.37884115
 0.37884115 0.07786458 0.         0.         0.         0.
 0.         0.         0.         0.         0.         0.01946614
 0.37884115 0.37884115 0.84185816 0.99700521 0.9640625  0.99700521
 0.99700521 0.99700521 0.75742188 0.74694011 0.74694011 0.74694011
 0.47351028 0.3249349  0.99700521 0.37884115 0.20065105 0.00748698
 0.         0.         0.         0.         0.         0.
 0.         0.         0.         0.00299479 0.17220052 0.68913528
 0.99700521 0.99700521 0.99700521 0.99700521 0.99700521 0.99700521
 0.99700521 0.9985026  0.99700521 0.99700521 0.68913528 0.37884115
 0.53398821 0.20065105 0.00748698 0.         0.         0.
 0.         0.         0.         0.         0.         0.
 0.         0.         0.00449219 0.71158473 0.99700521 0.99700521
 0.99700521 0.99700521 0.99700521 0.99700521 0.99700521 0.9985026
 0.99700521 0.99700521 0.68913528 0.26204428 0.07786458 0.00748698
 0.         0.         0.         0.         0.         0.
 0.         0.         0.         0.         0.         0.
 0.         0.32077591 0.67057291 0.81582032 0.95507813 0.99700521
 0.99700521 0.99700521 0.91015626 0.81582032 0.81582032 0.81582032
 0.47500768 0.00598958 0.61816406 0.         0.         0.
 0.         0.         0.         0.         0.         0.
 0.         0.         0.         0.         0.         0.
 0.61816406 0.61816406 0.61816406 0.61816406 0.61816406 0.61816406
 0.31029414 0.31029414 0.31029414 0.         0.         0.
 0.61816406 0.         0.         0.         0.         0.
 0.         0.         0.         0.         0.         0.
 0.         0.         0.         0.         0.31029414 0.61816406
 0.61816406 0.46301701 0.15514707 0.         0.         0.
 0.         0.         0.         0.         0.61816406 0.
 0.         0.         0.         0.         0.         0.
 0.         0.         0.         0.         0.         0.
 0.         0.         0.         0.         0.         0.
 0.         0.         0.         0.         0.         0.
 0.         0.         0.         0.         0.         0.
 0.         0.         0.         0.         0.         0.
 0.         0.         0.         0.         0.         0.
 0.         0.         0.         0.         0.         0.
 0.         0.         0.         0.         0.         0.
 0.         0.         0.         0.         0.         0.
 0.         0.         0.         0.         0.         0.
 0.         0.         0.         0.         0.         0.
 0.         0.         0.         0.         0.         0.
 0.         0.         0.         0.         0.         0.
 0.         0.         0.         0.         0.         0.
 0.         0.         0.         0.         0.         0.
 0.         0.         0.         0.         0.         0.
 0.         0.         0.         0.         0.         0.
 0.         0.         0.         0.         0.         0.
 0.         0.         0.         0.        ]","[0.         0.         0.         0.         0.         0.
 0.         0.         0.         0.         0.         0.
 0.         0.         0.         0.         0.         0.
 0.         0.         0.         0.         0.         0.
 0.         0.         0.         0.         0.         0.
 0.         0.         0.         0.         0.         0.
 0.         0.         0.         0.         0.         0.
 0.         0.         0.         0.         0.         0.
 0.         0.         0.         0.         0.         0.
 0.         0.         0.         0.         0.         0.
 0.         0.         0.         0.         0.         0.
 0.         0.         0.         0.         0.         0.
 0.         0.         0.         0.         0.         0.
 0.         0.         0.         0.         0.         0.
 0.         0.         0.         0.         0.         0.
 0.         0.         0.         0.         0.         0.
 0.         0.         0.         0.         0.         0.
 0.         0.         0.         0.         0.         0.
 0.         0.         0.         0.         0.         0.
 0.         0.         0.         0.         0.         0.
 0.         0.         0.50196081 0.50196081 0.74901962 1.
 0.74901962 0.25098041 0.         0.         0.         0.
 0.         0.         0.         0.         0.         0.
 0.         0.         0.         0.         0.         0.
 0.         0.         0.         0.         0.25098041 1.
 1.         1.         1.         1.         1.         1.
 1.         0.25098041 0.         0.         0.         0.
 0.         0.         0.         0.         0.         0.
 0.         0.         0.         0.         0.         0.
 0.         0.         0.50196081 1.         1.         1.
 1.         1.         1.         1.         1.         0.50196081
 0.         0.         0.         0.         0.         0.
 0.         0.         0.         0.         0.         0.
 0.         0.         0.         0.         0.         0.
 0.50196081 1.         1.         1.         1.         1.
 1.         1.         1.         0.50196081 0.         0.
 0.25098041 0.         0.         0.         0.         0.
 0.         0.         0.         0.         0.         0.
 0.         0.         0.         0.         0.50196081 1.
 1.         1.         1.         1.         1.         1.
 1.         1.         0.         0.         1.         0.
 0.         0.         0.         0.         0.         0.
 0.         0.         0.         0.         0.         0.
 0.         0.         0.25098041 1.         1.         0.74901962
 0.50196081 0.50196081 1.         1.         1.         1.
 0.25098041 0.         1.         0.         0.         0.
 0.         0.         0.         0.         0.         0.
 0.         0.         0.         0.         0.         0.
 0.         0.         0.50196081 0.         0.         0.
 1.         1.         1.         1.         0.         0.
 1.         0.         0.         0.         0.         0.
 0.         0.         0.         0.         0.         0.
 0.         0.         0.         0.         0.         0.
 0.         0.         0.         0.25098041 1.         1.
 1.         1.         0.         0.         1.         0.
 0.         0.         0.         0.         0.         0.
 0.         0.         0.         0.         0.         0.
 0.         0.         0.         0.         0.         0.
 0.         0.74901962 1.         1.         1.         0.50196081
 0.         0.         1.         0.         0.         0.
 0.         0.         0.         0.         0.         0.
 0.         0.         0.         0.         0.         0.
 0.         0.         0.         0.         0.50196081 1.
 1.         1.         1.         0.50196081 0.         0.
 1.         0.         0.         0.         0.         0.
 0.         0.         0.         0.         0.         0.
 0.         0.         0.         0.         0.         0.
 0.         0.50196081 1.         1.         1.         1.
 1.         0.25098041 0.         0.         1.         0.
 0.         0.         0.         0.         0.         0.
 0.         0.         0.         0.         0.         0.
 0.         0.         0.         0.         0.25098041 1.
 1.         1.         1.         1.         0.74901962 0.
 0.         0.         1.         0.         0.         0.
 0.         0.         0.         0.         0.         0.
 0.         0.         0.         0.         0.         0.
 0.         0.         1.         1.         1.         1.
 1.         1.         0.50196081 0.50196081 0.25098041 0.
 1.         0.         0.         0.         0.         0.
 0.         0.         0.         0.         0.         0.
 0.         0.         0.         0.         0.25098041 1.
 1.         1.         1.         1.         1.         1.
 1.         1.         0.50196081 0.         1.         0.
 0.         0.         0.         0.         0.         0.
 0.         0.         0.         0.         0.         0.
 0.         0.         0.74901962 1.         1.         1.
 1.         1.         1.         1.         1.         1.
 0.50196081 0.         1.         0.         0.         0.
 0.         0.         0.         0.         0.         0.
 0.         0.         0.         0.         0.         0.50196081
 1.         1.         1.         1.         1.         1.
 1.         1.         1.         1.         0.50196081 0.
 0.25098041 0.         0.         0.         0.         0.
 0.         0.         0.         0.         0.         0.
 0.         0.         0.         0.74901962 1.         1.
 1.         1.         1.         1.         1.         1.
 1.         1.         0.50196081 0.         0.         0.
 0.         0.         0.         0.         0.         0.
 0.         0.         0.         0.         0.         0.
 0.         0.50196081 1.         1.         1.         1.
 1.         1.         1.         1.         1.         1.
 0.50196081 0.         1.         0.         0.         0.
 0.         0.         0.         0.         0.         0.
 0.         0.         0.         0.         0.         0.
 1.         1.         1.         1.         1.         1.
 0.50196081 0.50196081 0.50196081 0.         0.         0.
 1.         0.         0.         0.         0.         0.
 0.         0.         0.         0.         0.         0.
 0.         0.         0.         0.         0.50196081 1.
 1.         0.74901962 0.25098041 0.         0.         0.
 0.         0.         0.         0.         1.         0.
 0.         0.         0.         0.         0.         0.
 0.         0.         0.         0.         0.         0.
 0.         0.         0.         0.         0.         0.
 0.         0.         0.         0.         0.         0.
 0.         0.         0.         0.         0.         0.
 0.         0.         0.         0.         0.         0.
 0.         0.         0.         0.         0.         0.
 0.         0.         0.         0.         0.         0.
 0.         0.         0.         0.         0.         0.
 0.         0.         0.         0.         0.         0.
 0.         0.         0.         0.         0.         0.
 0.         0.         0.         0.         0.         0.
 0.         0.         0.         0.         0.         0.
 0.         0.         0.         0.         0.         0.
 0.         0.         0.         0.         0.         0.
 0.         0.         0.         0.         0.         0.
 0.         0.         0.         0.         0.         0.
 0.         0.         0.         0.         0.         0.
 0.         0.         0.         0.         0.         0.
 0.         0.         0.         0.        ]"
1,1,0.3210018383106217,209.52257895469666,"[0.         0.         0.         0.         0.         0.
 0.         0.         0.         0.         0.         0.
 0.         0.         0.         0.         0.         0.
 0.         0.         0.         0.         0.         0.
 0.         0.         0.         0.         0.         0.
 0.         0.         0.         0.         0.         0.
 0.         0.         0.         0.         0.         0.
 0.         0.         0.         0.         0.         0.
 0.         0.         0.         0.         0.         0.
 0.         0.         0.         0.         0.         0.
 0.         0.         0.         0.         0.         0.
 0.         0.         0.         0.         0.         0.
 0.         0.         0.         0.         0.         0.
 0.         0.         0.         0.         0.         0.
 0.         0.         0.         0.         0.         0.
 0.         0.         0.38272061 0.67507659 0.36411613 0.
 0.         0.         0.         0.         0.         0.
 0.         0.         0.         0.         0.         0.
 0.         0.         0.         0.         0.         0.
 0.         0.         0.         0.         0.         0.23920037
 0.66710325 0.67241881 0.17541361 0.00631893 0.12005975 0.20346968
 0.32100184 0.32100184 0.32100184 0.32100184 0.32100184 0.32100184
 0.1150046  0.00505515 0.         0.         0.         0.
 0.         0.         0.         0.         0.         0.
 0.         0.         0.         0.38006282 0.67241881 0.51547948
 0.13866422 0.27424173 0.31973805 0.31973805 0.31973805 0.31973805
 0.31973805 0.31973805 0.31973805 0.31973805 0.31973805 0.18577666
 0.01642923 0.00126379 0.         0.         0.         0.
 0.         0.         0.         0.         0.         0.
 0.         0.60597427 0.67241881 0.42808672 0.31973805 0.31973805
 0.31973805 0.31973805 0.31973805 0.31973805 0.31973805 0.31973805
 0.31973805 0.31973805 0.31973805 0.31973805 0.31973805 0.0189568
 0.         0.         0.         0.         0.         0.
 0.         0.         0.         0.         0.         0.60597427
 0.67747396 0.29251684 0.31973805 0.31973805 0.31973805 0.31973805
 0.31973805 0.31973805 0.31973805 0.31973805 0.31973805 0.31973805
 0.31973805 0.31973805 0.31973805 0.17819394 0.         0.
 0.         0.         0.         0.         0.         0.
 0.         0.         0.21262256 0.65647212 0.80890778 0.46060048
 0.31973805 0.31973805 0.31973805 0.31973805 0.29067096 0.15923713
 0.25022978 0.31341912 0.31973805 0.31973805 0.31973805 0.31973805
 0.31973805 0.31973805 0.         0.         0.         0.
 0.         0.         0.         0.         0.         0.
 0.28704044 0.6926394  0.91337317 0.43933823 0.31973805 0.31973805
 0.30962776 0.15797335 0.02906709 0.         0.         0.09731158
 0.30247396 0.70777422 0.78219211 0.78219211 0.73435204 0.31973805
 0.         0.         0.         0.         0.         0.
 0.         0.         0.         0.         0.28704044 0.73181679
 0.77953433 0.31973805 0.31973805 0.31973805 0.248966   0.
 0.         0.         0.         0.02657782 0.56796111 0.99215686
 0.99215686 0.99215686 0.9283701  0.35163143 0.         0.
 0.         0.         0.         0.         0.         0.
 0.         0.         0.28704044 0.86072305 0.77953433 0.31973805
 0.31973805 0.31973805 0.248966   0.         0.         0.
 0.         0.45713849 0.79121477 0.98418352 0.9576057  0.98152574
 0.99215686 0.60412071 0.         0.         0.         0.
 0.         0.         0.         0.         0.         0.
 0.28704044 0.8266008  0.77953433 0.31973805 0.31973805 0.31973805
 0.21484376 0.         0.         0.         0.15149356 0.64052543
 0.79121477 0.81408549 0.31973805 0.78219211 0.99215686 0.60412071
 0.         0.         0.         0.         0.         0.
 0.         0.         0.         0.         0.64318321 0.70667126
 0.78219211 0.31973805 0.31973805 0.31973805 0.22495405 0.07961856
 0.07961856 0.01769301 0.45448071 0.67507659 0.69287685 0.39415594
 0.31973805 0.78484989 0.99747243 0.48911613 0.         0.
 0.         0.         0.         0.         0.         0.
 0.         0.         0.54969364 0.9226486  0.77953433 0.31973805
 0.31973805 0.31973805 0.31973805 0.31973805 0.31973805 0.39728094
 0.8964614  0.78615962 0.29413297 0.31973805 0.31973805 0.63335631
 0.99215686 0.3286152  0.         0.         0.         0.
 0.         0.         0.         0.         0.         0.05939797
 0.47013635 0.96823683 0.97089461 0.44731157 0.31973805 0.31973805
 0.31973805 0.31973805 0.31973805 0.64132966 0.99215686 0.99215686
 0.42339154 0.31973805 0.31973805 0.74498316 0.87588849 0.28691024
 0.         0.         0.         0.         0.         0.
 0.         0.         0.         0.17187501 0.31973805 0.92571232
 0.99215686 0.75827207 0.31973805 0.31973805 0.31973805 0.31973805
 0.31973805 0.64132966 0.99215686 0.78219211 0.33568474 0.31973805
 0.36757812 0.84863665 0.82992495 0.04770986 0.         0.
 0.         0.         0.         0.         0.         0.
 0.1150046  0.2957261  0.5483073  0.97886795 0.99215686 0.81408549
 0.31973805 0.31973805 0.31973805 0.31973805 0.31973805 0.92305454
 0.99215686 0.46325826 0.31973805 0.55628064 0.88318781 0.96557905
 0.57488512 0.06066176 0.         0.         0.         0.
 0.         0.         0.         0.         0.32100184 0.31973805
 0.39415594 0.62804075 0.97089461 0.94697457 0.81674327 0.57488512
 0.37289369 0.31973805 0.31973805 0.99481464 0.99215686 0.51641392
 0.46325826 0.88318781 0.99215686 0.80876993 0.31973805 0.1630285
 0.         0.         0.         0.         0.         0.
 0.         0.         0.32100184 0.31973805 0.31973805 0.31973805
 0.7981388  0.97089461 0.99215686 0.99215686 0.85926778 0.78219211
 0.78219211 0.99747243 0.99215686 0.99215686 0.99215686 0.96557905
 0.80876993 0.38618259 0.31973805 0.10236673 0.         0.
 0.         0.         0.         0.         0.         0.
 0.32100184 0.31973805 0.31973805 0.31973805 0.31973805 0.61209406
 0.92039676 0.97089461 0.99215686 0.99215686 0.99215686 0.99747243
 0.99215686 0.99215686 0.63335631 0.50312501 0.19841453 0.18704045
 0.1150046  0.00126379 0.         0.         0.         0.
 0.         0.         0.         0.         0.10742188 0.31973805
 0.31973805 0.31973805 0.31973805 0.31973805 0.31973805 0.51375614
 0.60412071 0.60412071 0.60412071 0.56241575 0.83200828 0.72170649
 0.33636642 0.02274816 0.00252757 0.         0.         0.
 0.         0.         0.         0.         0.         0.
 0.         0.         0.00126379 0.09983916 0.25528493 0.31973805
 0.31973805 0.31973805 0.31973805 0.31973805 0.2868796  0.17061122
 0.17061122 0.04423253 0.30298713 0.63786765 0.45979628 0.
 0.         0.         0.         0.         0.         0.
 0.         0.         0.         0.         0.         0.
 0.         0.         0.00379136 0.02274816 0.1630285  0.14154412
 0.00631893 0.00631893 0.00505515 0.         0.         0.
 0.         0.         0.         0.         0.         0.
 0.         0.         0.         0.         0.         0.
 0.         0.         0.         0.         0.         0.
 0.         0.         0.         0.         0.         0.
 0.         0.         0.         0.         0.         0.
 0.         0.         0.         0.         0.         0.
 0.         0.         0.         0.         0.         0.
 0.         0.         0.         0.         0.         0.
 0.         0.         0.         0.         0.         0.
 0.         0.         0.         0.         0.         0.
 0.         0.         0.         0.         0.         0.
 0.         0.         0.         0.         0.         0.
 0.         0.         0.         0.         0.         0.
 0.         0.         0.         0.         0.         0.
 0.         0.         0.         0.         0.         0.
 0.         0.         0.         0.         0.         0.
 0.         0.         0.         0.         0.         0.
 0.         0.         0.         0.         0.         0.
 0.         0.         0.         0.         0.         0.
 0.         0.         0.         0.         0.         0.
 0.         0.         0.         0.        ]","[0.         0.         0.         0.         0.         0.
 0.         0.         0.         0.         0.         0.
 0.         0.         0.         0.         0.         0.
 0.         0.         0.         0.         0.         0.
 0.         0.         0.         0.         0.         0.
 0.         0.         0.         0.         0.         0.
 0.         0.         0.         0.         0.         0.
 0.         0.         0.         0.         0.         0.
 0.         0.         0.         0.         0.         0.
 0.         0.         0.         0.         0.         0.
 0.         0.         0.         0.         0.         0.
 0.         0.         0.         0.         0.         0.
 0.         0.         0.         0.         0.         0.
 0.         0.         0.         0.         0.         0.
 0.         0.         0.         0.         0.         0.
 0.         0.         0.56470591 0.99607843 0.53725493 0.
 0.         0.         0.         0.         0.         0.
 0.         0.         0.         0.         0.         0.
 0.         0.         0.         0.         0.         0.
 0.         0.         0.         0.         0.         0.35294119
 0.98431373 0.99215686 0.25882354 0.         0.         0.
 0.         0.         0.         0.         0.         0.
 0.         0.         0.         0.         0.         0.
 0.         0.         0.         0.         0.         0.
 0.         0.         0.         0.56078434 0.99215686 0.75686276
 0.02745098 0.         0.         0.         0.         0.
 0.         0.         0.         0.         0.         0.
 0.         0.         0.         0.         0.         0.
 0.         0.         0.         0.         0.         0.
 0.         0.89411765 0.99215686 0.56078434 0.         0.
 0.         0.         0.         0.         0.         0.
 0.         0.         0.         0.         0.         0.
 0.         0.         0.         0.         0.         0.
 0.         0.         0.         0.         0.         0.89411765
 0.99215686 0.20784312 0.         0.         0.         0.
 0.         0.         0.         0.         0.         0.
 0.         0.         0.         0.         0.         0.
 0.         0.         0.         0.         0.         0.
 0.         0.         0.3137255  0.96862745 0.99215686 0.20784312
 0.         0.         0.         0.         0.         0.
 0.         0.         0.         0.         0.         0.
 0.         0.         0.         0.         0.         0.
 0.         0.         0.         0.         0.         0.
 0.42352942 0.99215686 0.94117647 0.17647058 0.         0.
 0.         0.         0.         0.         0.         0.
 0.05098039 0.57254905 0.68235296 0.68235296 0.61176473 0.
 0.         0.         0.         0.         0.         0.
 0.         0.         0.         0.         0.42352942 0.99215686
 0.67843139 0.         0.         0.         0.         0.
 0.         0.         0.         0.03921568 0.66274512 0.99215686
 0.99215686 0.99215686 0.89803922 0.04705882 0.         0.
 0.         0.         0.         0.         0.         0.
 0.         0.         0.42352942 0.99215686 0.67843139 0.
 0.         0.         0.         0.         0.         0.
 0.         0.67450982 0.99215686 0.98039216 0.94117647 0.97647059
 0.99215686 0.41960785 0.         0.         0.         0.
 0.         0.         0.         0.         0.         0.
 0.42352942 0.99215686 0.67843139 0.         0.         0.
 0.         0.         0.         0.         0.2235294  0.94509804
 0.99215686 0.72941178 0.         0.68235296 0.99215686 0.41960785
 0.         0.         0.         0.         0.         0.
 0.         0.         0.         0.         0.94901961 0.99607843
 0.68235296 0.         0.         0.         0.         0.
 0.         0.         0.67058825 0.99607843 0.84705883 0.10980392
 0.         0.68627453 1.         0.41960785 0.         0.
 0.         0.         0.         0.         0.         0.
 0.         0.         0.72156864 0.99215686 0.67843139 0.
 0.         0.         0.         0.         0.         0.20392156
 0.96470588 0.99215686 0.18039215 0.         0.         0.4627451
 0.99215686 0.41960785 0.         0.         0.         0.
 0.         0.         0.         0.         0.         0.
 0.26666668 0.95686275 0.96078432 0.18823528 0.         0.
 0.         0.         0.         0.47450981 0.99215686 0.99215686
 0.15294117 0.         0.         0.627451   0.99215686 0.41960785
 0.         0.         0.         0.         0.         0.
 0.         0.         0.         0.         0.         0.89411765
 0.99215686 0.64705884 0.         0.         0.         0.
 0.         0.47450981 0.99215686 0.68235296 0.02352941 0.
 0.07058823 0.78039217 0.90196079 0.06666666 0.         0.
 0.         0.         0.         0.         0.         0.
 0.         0.         0.33725491 0.97254902 0.99215686 0.72941178
 0.         0.         0.         0.         0.         0.89019608
 0.99215686 0.21176469 0.         0.34901962 0.83137256 0.95294118
 0.3764706  0.         0.         0.         0.         0.
 0.         0.         0.         0.         0.         0.
 0.10980392 0.45490196 0.96078432 0.9254902  0.73333335 0.3764706
 0.07843137 0.         0.         0.99607843 0.99215686 0.29019609
 0.21176469 0.83137256 0.99215686 0.72156864 0.         0.
 0.         0.         0.         0.         0.         0.
 0.         0.         0.         0.         0.         0.
 0.70588237 0.96078432 0.99215686 0.99215686 0.79607844 0.68235296
 0.68235296 1.         0.99215686 0.99215686 0.99215686 0.95294118
 0.72156864 0.09803921 0.         0.         0.         0.
 0.         0.         0.         0.         0.         0.
 0.         0.         0.         0.         0.         0.43137255
 0.88627452 0.96078432 0.99215686 0.99215686 0.99215686 1.
 0.99215686 0.99215686 0.4627451  0.27058825 0.         0.
 0.         0.         0.         0.         0.         0.
 0.         0.         0.         0.         0.         0.
 0.         0.         0.         0.         0.         0.28627452
 0.41960785 0.41960785 0.41960785 0.41960785 0.96470588 0.99215686
 0.4627451  0.         0.         0.         0.         0.
 0.         0.         0.         0.         0.         0.
 0.         0.         0.         0.         0.         0.
 0.         0.         0.         0.         0.         0.
 0.         0.         0.44705883 0.94117647 0.67843139 0.
 0.         0.         0.         0.         0.         0.
 0.         0.         0.         0.         0.         0.
 0.         0.         0.         0.         0.         0.
 0.         0.         0.         0.         0.         0.
 0.         0.         0.         0.         0.         0.
 0.         0.         0.         0.         0.         0.
 0.         0.         0.         0.         0.         0.
 0.         0.         0.         0.         0.         0.
 0.         0.         0.         0.         0.         0.
 0.         0.         0.         0.         0.         0.
 0.         0.         0.         0.         0.         0.
 0.         0.         0.         0.         0.         0.
 0.         0.         0.         0.         0.         0.
 0.         0.         0.         0.         0.         0.
 0.         0.         0.         0.         0.         0.
 0.         0.         0.         0.         0.         0.
 0.         0.         0.         0.         0.         0.
 0.         0.         0.         0.         0.         0.
 0.         0.         0.         0.         0.         0.
 0.         0.         0.         0.         0.         0.
 0.         0.         0.         0.         0.         0.
 0.         0.         0.         0.         0.         0.
 0.         0.         0.         0.         0.         0.
 0.         0.         0.         0.         0.         0.
 0.         0.         0.         0.        ]"
