,index,distance,used_time,pert point,ori point
0,0,0.183837890625,127.93587946891785,"[0.         0.         0.         0.         0.         0.
 0.         0.         0.         0.         0.         0.
 0.         0.         0.         0.         0.         0.
 0.         0.         0.         0.         0.         0.
 0.         0.         0.         0.         0.         0.
 0.         0.         0.         0.         0.         0.
 0.         0.         0.         0.         0.         0.
 0.         0.         0.         0.         0.         0.
 0.         0.         0.         0.         0.         0.
 0.         0.         0.         0.         0.         0.
 0.         0.         0.         0.         0.         0.
 0.         0.         0.         0.         0.         0.31046167
 0.40007947 0.40007947 0.12162415 0.         0.         0.
 0.         0.         0.         0.         0.         0.
 0.         0.         0.         0.         0.         0.
 0.         0.         0.         0.         0.         0.
 0.         0.         0.63372588 0.8065602  0.80976084 0.80976084
 0.65613033 0.         0.         0.         0.         0.
 0.         0.         0.         0.         0.         0.
 0.         0.         0.         0.         0.         0.
 0.         0.         0.         0.02811638 0.53180437 0.86146983
 0.91438324 0.9928778  0.99359873 0.97845914 0.35897002 0.03460478
 0.         0.         0.         0.         0.         0.
 0.         0.         0.         0.         0.         0.
 0.         0.         0.         0.         0.         0.07497702
 0.1643727  0.83956419 0.98255496 0.99215686 0.99215686 0.99215686
 0.99215686 0.66569204 0.20159984 0.12183766 0.03460478 0.
 0.         0.         0.         0.         0.         0.
 0.         0.         0.         0.         0.         0.
 0.         0.         0.06776769 0.31290115 0.65609013 0.98255496
 0.99215686 0.99215686 0.99215686 0.91214097 0.36803289 0.20480047
 0.18239602 0.18239602 0.1643727  0.         0.         0.
 0.         0.         0.         0.         0.         0.
 0.         0.         0.         0.         0.         0.
 0.10958181 0.66569204 0.99215686 0.99215686 0.99215686 0.99215686
 0.75851047 0.35202971 0.18239602 0.18239602 0.18239602 0.18239602
 0.1686983  0.         0.         0.         0.         0.
 0.         0.         0.         0.         0.         0.
 0.         0.         0.         0.12802542 0.618863   0.98255496
 0.99215686 0.99215686 0.99215686 0.76811238 0.23858953 0.16293084
 0.18239602 0.18239602 0.18239602 0.18239602 0.18095416 0.07209329
 0.         0.         0.         0.         0.         0.
 0.         0.         0.         0.         0.         0.
 0.         0.72014304 0.89266812 0.96836608 0.92655197 0.89771465
 0.74961417 0.12228955 0.00576746 0.01658146 0.09948875 0.18239602
 0.18239602 0.18239602 0.18239602 0.07930262 0.         0.
 0.         0.         0.         0.         0.         0.
 0.         0.         0.         0.         0.32006358 0.8065602
 0.82057483 0.82778416 0.80976084 0.80976084 0.20804133 0.
 0.         0.         0.00504653 0.13120979 0.18239602 0.18239602
 0.18239602 0.07930262 0.         0.         0.         0.
 0.         0.         0.         0.         0.         0.
 0.         0.         0.40007947 0.80976084 0.80976084 0.80976084
 0.80976084 0.80976084 0.12162415 0.         0.         0.
 0.         0.12183766 0.18239602 0.18239602 0.17807043 0.0547909
 0.         0.         0.         0.         0.         0.
 0.         0.         0.         0.         0.         0.
 0.49289792 0.80976084 0.80976084 0.80976084 0.80976084 0.59211762
 0.09601907 0.1888375  0.1888375  0.1888375  0.19820962 0.32797755
 0.37123352 0.37123352 0.3575358  0.07361462 0.         0.
 0.         0.         0.         0.         0.         0.
 0.         0.         0.         0.         0.81296147 0.80976084
 0.80976084 0.80976084 0.80976084 0.72974495 0.69754041 0.85734241
 0.85734241 0.85734241 0.9294357  0.99215686 0.99215686 0.99215686
 0.95394742 0.67213351 0.55050936 0.07361462 0.         0.
 0.         0.         0.         0.         0.         0.
 0.         0.         0.81616211 0.80976084 0.82634229 0.85229588
 0.93231944 0.94601716 0.98278474 0.99215686 0.99215686 0.99215686
 0.99215686 0.99215686 0.99215686 0.99215686 0.90564492 0.80976084
 0.80976084 0.66893287 0.33606676 0.         0.         0.
 0.         0.         0.         0.         0.         0.
 0.53450618 0.84508655 0.95178462 0.99215686 0.99215686 0.99215686
 0.99215686 0.99215686 0.99215686 0.99215686 0.99215686 0.90253907
 0.88973653 0.99215686 0.9885522  0.88834253 0.82706323 0.80976084
 0.79375766 0.06401271 0.         0.         0.         0.
 0.         0.         0.         0.01586052 0.57384826 0.9885522
 0.99215686 0.99215686 0.99215686 0.99215686 0.99215686 0.96015051
 0.88653589 0.56647231 0.47365388 0.26561255 0.23680683 0.47365388
 0.80652    0.99215686 0.89410999 0.80976084 0.80976084 0.6081208
 0.         0.         0.         0.         0.         0.
 0.         0.09876781 0.69769839 0.99215686 0.99215686 0.99215686
 0.99215686 0.97773821 0.99215686 0.8961378  0.56647231 0.26881318
 0.26881318 0.26881318 0.26881318 0.5472685  0.88333526 0.99215686
 0.95755209 0.8241795  0.80976084 0.35527057 0.         0.
 0.         0.         0.         0.         0.05839557 0.18095416
 0.18239602 0.69769839 0.98895623 0.98350567 0.90852865 0.9424125
 0.99215686 0.99215686 0.99215686 0.99215686 0.97557541 0.97269168
 0.99215686 0.99215686 0.99215686 0.99215686 0.99215686 0.89843559
 0.57291381 0.         0.         0.         0.         0.
 0.         0.         0.14779125 0.18239602 0.18239602 0.18239602
 0.51846278 0.67886702 0.94045554 0.98895623 0.99215686 0.99215686
 0.98783127 0.95394742 0.83138882 0.82057483 0.9424125  0.99215686
 0.99215686 0.99215686 0.99215686 0.92433364 0.53450618 0.
 0.         0.         0.         0.         0.         0.
 0.18383789 0.18239602 0.18239602 0.18239602 0.18239602 0.18239602
 0.18239602 0.50886087 0.90894034 0.96213906 0.88802562 0.80976084
 0.80976084 0.80976084 0.8198539  0.95106369 0.97935432 0.97295305
 0.72330348 0.307419   0.         0.         0.         0.
 0.         0.         0.         0.         0.18311696 0.18239602
 0.18239602 0.18239602 0.18239602 0.18239602 0.18239602 0.17951229
 0.09804688 0.01802332 0.31686294 0.39367819 0.39367819 0.39367819
 0.39367819 0.50614373 0.32322399 0.18239602 0.18239602 0.17734949
 0.         0.         0.         0.         0.         0.
 0.         0.         0.08434915 0.17807043 0.18239602 0.18239602
 0.18239602 0.18095416 0.09732595 0.05839557 0.         0.
 0.         0.         0.         0.         0.         0.11246554
 0.18239602 0.18239602 0.18239602 0.08651195 0.         0.
 0.         0.         0.         0.         0.         0.
 0.         0.04181411 0.08867475 0.08867475 0.08867475 0.0569537
 0.         0.         0.         0.         0.         0.
 0.         0.         0.         0.06488396 0.18239602 0.17734949
 0.08651195 0.         0.         0.         0.         0.
 0.         0.         0.         0.         0.         0.
 0.         0.         0.         0.         0.         0.
 0.         0.         0.         0.         0.         0.
 0.         0.         0.         0.         0.         0.
 0.         0.         0.         0.         0.         0.
 0.         0.         0.         0.         0.         0.
 0.         0.         0.         0.         0.         0.
 0.         0.         0.         0.         0.         0.
 0.         0.         0.         0.         0.         0.
 0.         0.         0.         0.         0.         0.
 0.         0.         0.         0.         0.         0.
 0.         0.         0.         0.         0.         0.
 0.         0.         0.         0.         0.         0.
 0.         0.         0.         0.         0.         0.
 0.         0.         0.         0.         0.         0.
 0.         0.         0.         0.         0.         0.
 0.         0.         0.         0.         0.         0.
 0.         0.         0.         0.         0.         0.
 0.         0.         0.         0.        ]","[0.         0.         0.         0.         0.         0.
 0.         0.         0.         0.         0.         0.
 0.         0.         0.         0.         0.         0.
 0.         0.         0.         0.         0.         0.
 0.         0.         0.         0.         0.         0.
 0.         0.         0.         0.         0.         0.
 0.         0.         0.         0.         0.         0.
 0.         0.         0.         0.         0.         0.
 0.         0.         0.         0.         0.         0.
 0.         0.         0.         0.         0.         0.
 0.         0.         0.         0.         0.         0.
 0.         0.         0.         0.         0.         0.38039216
 0.49019608 0.49019608 0.1490196  0.         0.         0.
 0.         0.         0.         0.         0.         0.
 0.         0.         0.         0.         0.         0.
 0.         0.         0.         0.         0.         0.
 0.         0.         0.7764706  0.98823529 0.99215686 0.99215686
 0.80392158 0.         0.         0.         0.         0.
 0.         0.         0.         0.         0.         0.
 0.         0.         0.         0.         0.         0.
 0.         0.         0.         0.         0.5411765  0.94509804
 0.98431373 0.99215686 0.99215686 0.99215686 0.32941177 0.
 0.         0.         0.         0.         0.         0.
 0.         0.         0.         0.         0.         0.
 0.         0.         0.         0.         0.         0.
 0.         0.80784315 0.98039216 0.99215686 0.99215686 0.99215686
 0.99215686 0.59215689 0.02352941 0.         0.         0.
 0.         0.         0.         0.         0.         0.
 0.         0.         0.         0.         0.         0.
 0.         0.         0.         0.1607843  0.58039218 0.98039216
 0.99215686 0.99215686 0.99215686 0.89411765 0.22745097 0.02745098
 0.         0.         0.         0.         0.         0.
 0.         0.         0.         0.         0.         0.
 0.         0.         0.         0.         0.         0.
 0.         0.59215689 0.99215686 0.99215686 0.99215686 0.99215686
 0.70588237 0.20784312 0.         0.         0.         0.
 0.         0.         0.         0.         0.         0.
 0.         0.         0.         0.         0.         0.
 0.         0.         0.         0.15686274 0.55686277 0.98039216
 0.99215686 0.99215686 0.99215686 0.71764708 0.13333333 0.
 0.         0.         0.         0.         0.         0.
 0.         0.         0.         0.         0.         0.
 0.         0.         0.         0.         0.         0.
 0.         0.88235295 0.99215686 0.99215686 0.99215686 0.99215686
 0.89019608 0.12156862 0.         0.         0.         0.
 0.         0.         0.         0.         0.         0.
 0.         0.         0.         0.         0.         0.
 0.         0.         0.         0.         0.39215687 0.98823529
 0.99215686 0.99215686 0.99215686 0.99215686 0.25490198 0.
 0.         0.         0.         0.         0.         0.
 0.         0.         0.         0.         0.         0.
 0.         0.         0.         0.         0.         0.
 0.         0.         0.49019608 0.99215686 0.99215686 0.99215686
 0.99215686 0.99215686 0.1490196  0.         0.         0.
 0.         0.         0.         0.         0.         0.
 0.         0.         0.         0.         0.         0.
 0.         0.         0.         0.         0.         0.
 0.60392159 0.99215686 0.99215686 0.99215686 0.99215686 0.72549021
 0.11764705 0.23137254 0.23137254 0.23137254 0.23137254 0.23137254
 0.23137254 0.23137254 0.23137254 0.09019607 0.         0.
 0.         0.         0.         0.         0.         0.
 0.         0.         0.         0.         0.99607843 0.99215686
 0.99215686 0.99215686 0.99215686 0.89411765 0.80784315 0.99215686
 0.99215686 0.99215686 0.99215686 0.99215686 0.99215686 0.99215686
 0.99215686 0.82352942 0.67450982 0.09019607 0.         0.
 0.         0.         0.         0.         0.         0.
 0.         0.         1.         0.99215686 0.99215686 0.99215686
 0.99215686 0.99215686 0.99215686 0.99215686 0.99215686 0.99215686
 0.99215686 0.99215686 0.99215686 0.99215686 0.99215686 0.99215686
 0.99215686 0.81960785 0.41176471 0.         0.         0.
 0.         0.         0.         0.         0.         0.
 0.65490198 0.99215686 0.99215686 0.99215686 0.99215686 0.99215686
 0.99215686 0.99215686 0.99215686 0.99215686 0.99215686 0.88235295
 0.86666667 0.99215686 0.99215686 0.99215686 0.99215686 0.99215686
 0.97254902 0.07843137 0.         0.         0.         0.
 0.         0.         0.         0.         0.5529412  0.99215686
 0.99215686 0.99215686 0.99215686 0.99215686 0.99215686 0.95294118
 0.86274511 0.47058824 0.35686275 0.10196078 0.06666666 0.35686275
 0.7647059  0.99215686 0.99215686 0.99215686 0.99215686 0.74509805
 0.         0.         0.         0.         0.         0.
 0.         0.         0.63137257 0.99215686 0.99215686 0.99215686
 0.99215686 0.99215686 0.99215686 0.87450981 0.47058824 0.10588235
 0.10588235 0.10588235 0.10588235 0.44705883 0.85882354 0.99215686
 0.99215686 0.99215686 0.99215686 0.43529412 0.         0.
 0.         0.         0.         0.         0.         0.
 0.         0.63137257 0.98823529 0.99215686 0.99215686 0.99215686
 0.99215686 0.99215686 0.99215686 0.99215686 0.99215686 0.99215686
 0.99215686 0.99215686 0.99215686 0.99215686 0.99215686 0.99215686
 0.7019608  0.         0.         0.         0.         0.
 0.         0.         0.         0.         0.         0.
 0.41176471 0.63921571 0.94117647 0.98823529 0.99215686 0.99215686
 0.99215686 0.99215686 0.99215686 0.99215686 0.99215686 0.99215686
 0.99215686 0.99215686 0.99215686 0.96470588 0.65490198 0.
 0.         0.         0.         0.         0.         0.
 0.         0.         0.         0.         0.         0.
 0.         0.40000001 0.89019608 0.96862745 0.98823529 0.99215686
 0.99215686 0.99215686 0.99215686 0.99215686 0.97647059 0.96862745
 0.66274512 0.19999999 0.         0.         0.         0.
 0.         0.         0.         0.         0.         0.
 0.         0.         0.         0.         0.         0.
 0.         0.         0.3882353  0.48235294 0.48235294 0.48235294
 0.48235294 0.48235294 0.17254901 0.         0.         0.
 0.         0.         0.         0.         0.         0.
 0.         0.         0.         0.         0.         0.
 0.         0.         0.         0.         0.         0.
 0.         0.         0.         0.         0.         0.
 0.         0.         0.         0.         0.         0.
 0.         0.         0.         0.         0.         0.
 0.         0.         0.         0.         0.         0.
 0.         0.         0.         0.         0.         0.
 0.         0.         0.         0.         0.         0.
 0.         0.         0.         0.         0.         0.
 0.         0.         0.         0.         0.         0.
 0.         0.         0.         0.         0.         0.
 0.         0.         0.         0.         0.         0.
 0.         0.         0.         0.         0.         0.
 0.         0.         0.         0.         0.         0.
 0.         0.         0.         0.         0.         0.
 0.         0.         0.         0.         0.         0.
 0.         0.         0.         0.         0.         0.
 0.         0.         0.         0.         0.         0.
 0.         0.         0.         0.         0.         0.
 0.         0.         0.         0.         0.         0.
 0.         0.         0.         0.         0.         0.
 0.         0.         0.         0.         0.         0.
 0.         0.         0.         0.         0.         0.
 0.         0.         0.         0.         0.         0.
 0.         0.         0.         0.         0.         0.
 0.         0.         0.         0.         0.         0.
 0.         0.         0.         0.         0.         0.
 0.         0.         0.         0.        ]"
1,1,0.3817138671875,126.25996708869934,"[0.         0.         0.         0.         0.         0.
 0.         0.         0.         0.         0.         0.
 0.         0.         0.         0.         0.         0.
 0.         0.         0.         0.         0.         0.
 0.         0.         0.         0.         0.         0.
 0.         0.         0.         0.         0.         0.
 0.         0.         0.         0.         0.         0.
 0.         0.         0.         0.         0.         0.
 0.         0.         0.         0.         0.         0.
 0.         0.         0.         0.         0.         0.
 0.         0.         0.         0.         0.         0.
 0.         0.         0.         0.         0.         0.
 0.         0.         0.         0.         0.         0.
 0.         0.         0.         0.         0.         0.
 0.         0.         0.         0.         0.         0.
 0.         0.         0.         0.         0.15517771 0.6856474
 0.74901962 0.34328759 0.31035541 0.31035541 0.31035541 0.
 0.         0.         0.         0.         0.         0.
 0.         0.         0.         0.         0.         0.
 0.         0.         0.         0.         0.         0.
 0.         0.31035541 0.61828613 0.94611099 0.99700617 0.87575589
 0.61828613 0.61828613 0.61828613 0.61828613 0.46310845 0.
 0.         0.         0.         0.         0.         0.
 0.         0.         0.         0.         0.         0.
 0.         0.         0.         0.         0.         0.37921359
 0.96108016 0.99550925 0.99700617 0.88024664 0.61828613 0.61828613
 0.61828613 0.61828613 0.61828613 0.31035541 0.         0.
 0.         0.         0.         0.         0.         0.
 0.         0.         0.         0.         0.         0.
 0.         0.         0.         0.54686833 0.99700617 0.99700617
 0.68907544 0.57231591 0.31035541 0.31035541 0.46310845 0.61828613
 0.61828613 0.61828613 0.         0.         0.         0.
 0.         0.         0.         0.         0.         0.
 0.         0.         0.         0.         0.         0.
 0.22453758 0.3757262  0.37872003 0.37872003 0.37872003 0.08682119
 0.         0.         0.         0.61828613 0.61828613 0.61828613
 0.         0.         0.         0.         0.         0.
 0.         0.         0.         0.         0.         0.
 0.         0.         0.         0.15567938 0.37722312 0.37872003
 0.37872003 0.37872003 0.26794817 0.0089815  0.         0.
 0.         0.46310845 0.61828613 0.61828613 0.         0.
 0.         0.         0.         0.         0.         0.
 0.         0.         0.         0.         0.         0.
 0.06287052 0.34429094 0.37872003 0.37872003 0.37872003 0.19759307
 0.03891984 0.         0.         0.         0.         0.31035541
 0.61828613 0.61828613 0.         0.         0.         0.
 0.         0.         0.         0.         0.         0.
 0.         0.         0.         0.         0.18711464 0.37872003
 0.37872003 0.37872003 0.33381252 0.03293217 0.         0.
 0.         0.         0.         0.46310845 0.61828613 0.61828613
 0.         0.01347225 0.04790135 0.06736127 0.11526262 0.
 0.         0.         0.         0.         0.         0.
 0.         0.         0.24100367 0.37872003 0.37872003 0.33530944
 0.06736127 0.         0.         0.         0.         0.
 0.         0.61828613 0.6946289  0.70111828 0.30237726 0.30986185
 0.33381252 0.34578786 0.36973853 0.         0.         0.
 0.         0.         0.         0.         0.         0.
 0.38021695 0.37872003 0.37872003 0.22304066 0.         0.
 0.         0.         0.         0.         0.17912838 0.85629596
 0.97155858 0.37872003 0.37872003 0.37872003 0.37872003 0.37872003
 0.36973853 0.         0.         0.         0.         0.
 0.         0.         0.         0.         0.38021695 0.37872003
 0.37872003 0.22304066 0.         0.         0.         0.
 0.         0.11975337 0.76847954 0.99700617 0.84182848 0.37872003
 0.37872003 0.37872003 0.37872003 0.37872003 0.37123545 0.04341059
 0.         0.         0.         0.         0.         0.
 0.         0.         0.38021695 0.37872003 0.37872003 0.25447592
 0.0089815  0.         0.         0.         0.21854991 0.81787781
 0.84182848 0.37872003 0.37872003 0.37872003 0.37872003 0.37872003
 0.37872003 0.37872003 0.37123545 0.0523921  0.         0.
 0.         0.         0.         0.         0.         0.
 0.34578786 0.37872003 0.37872003 0.37872003 0.7385412  0.40316427
 0.35675984 0.42861187 0.97455241 0.99700617 0.99700617 0.84182848
 0.53389774 0.37872003 0.37872003 0.37872003 0.37872003 0.37872003
 0.33381252 0.         0.         0.         0.         0.
 0.         0.         0.         0.         0.15867322 0.24699133
 0.53389774 0.68907544 0.99700617 0.99700617 0.95509249 0.97604933
 0.99700617 0.99700617 0.99700617 0.37872003 0.37872003 0.37872003
 0.37872003 0.37872003 0.37872003 0.33530944 0.05837976 0.
 0.         0.         0.         0.         0.         0.
 0.         0.         0.         0.30936017 0.99550925 0.99700617
 0.99700617 0.99700617 0.99700617 0.99700617 0.99700617 0.99700617
 0.99700617 0.99700617 0.53389774 0.37872003 0.37872003 0.37872003
 0.36075703 0.05987668 0.         0.         0.         0.
 0.         0.         0.         0.         0.         0.
 0.15517771 0.61828613 0.95958324 0.99700617 0.99700617 0.99700617
 0.99700617 0.99700617 0.99700617 0.99700617 0.99700617 0.99700617
 0.99700617 0.68907544 0.37872003 0.33530944 0.13472254 0.
 0.         0.         0.         0.         0.         0.
 0.         0.         0.         0.         0.31035541 0.61828613
 0.68714432 0.85330213 0.97904316 0.99700617 0.99700617 0.99700617
 0.68907544 0.37872003 0.68907544 0.99700617 0.99251541 0.93712948
 0.31085709 0.05987668 0.         0.15517771 0.         0.
 0.         0.         0.         0.         0.         0.
 0.         0.         0.31035541 0.61828613 0.61828613 0.61828613
 0.68265357 0.97006166 0.99700617 0.68907544 0.37872003 0.37422928
 0.3143526  0.4750163  0.75450559 0.61828613 0.61828613 0.61828613
 0.61828613 0.15517771 0.         0.         0.         0.
 0.         0.         0.         0.         0.         0.
 0.31035541 0.61828613 0.61828613 0.61828613 0.61828613 0.68614911
 0.37722312 0.37872003 0.37872003 0.27543276 0.         0.
 0.         0.46310845 0.61828613 0.61828613 0.61828613 0.15517771
 0.         0.         0.         0.         0.         0.
 0.         0.         0.         0.         0.31035541 0.61828613
 0.61828613 0.46310845 0.15517771 0.         0.1571763  0.2439975
 0.22304066 0.04191368 0.         0.         0.         0.
 0.31035541 0.46310845 0.46310845 0.         0.         0.
 0.         0.         0.         0.         0.         0.
 0.         0.         0.         0.         0.         0.
 0.         0.         0.         0.         0.         0.
 0.         0.         0.         0.         0.         0.
 0.         0.         0.         0.         0.         0.
 0.         0.         0.         0.         0.         0.
 0.         0.         0.         0.         0.         0.
 0.         0.         0.         0.         0.         0.
 0.         0.         0.         0.         0.         0.
 0.         0.         0.         0.         0.         0.
 0.         0.         0.         0.         0.         0.
 0.         0.         0.         0.         0.         0.
 0.         0.         0.         0.         0.         0.
 0.         0.         0.         0.         0.         0.
 0.         0.         0.         0.         0.         0.
 0.         0.         0.         0.         0.         0.
 0.         0.         0.         0.         0.         0.
 0.         0.         0.         0.         0.         0.
 0.         0.         0.         0.         0.         0.
 0.         0.         0.         0.         0.         0.
 0.         0.         0.         0.         0.         0.
 0.         0.         0.         0.         0.         0.
 0.         0.         0.         0.         0.         0.
 0.         0.         0.         0.        ]","[0.         0.         0.         0.         0.         0.
 0.         0.         0.         0.         0.         0.
 0.         0.         0.         0.         0.         0.
 0.         0.         0.         0.         0.         0.
 0.         0.         0.         0.         0.         0.
 0.         0.         0.         0.         0.         0.
 0.         0.         0.         0.         0.         0.
 0.         0.         0.         0.         0.         0.
 0.         0.         0.         0.         0.         0.
 0.         0.         0.         0.         0.         0.
 0.         0.         0.         0.         0.         0.
 0.         0.         0.         0.         0.         0.
 0.         0.         0.         0.         0.         0.
 0.         0.         0.         0.         0.         0.
 0.         0.         0.         0.         0.         0.
 0.         0.         0.         0.         0.25098041 1.
 0.74901962 0.50196081 0.50196081 0.50196081 0.50196081 0.
 0.         0.         0.         0.         0.         0.
 0.         0.         0.         0.         0.         0.
 0.         0.         0.         0.         0.         0.
 0.         0.50196081 1.         1.         1.         1.
 1.         1.         1.         1.         0.74901962 0.
 0.         0.         0.         0.         0.         0.
 0.         0.         0.         0.         0.         0.
 0.         0.         0.         0.         0.         0.50196081
 1.         1.         1.         1.         1.         1.
 1.         1.         1.         0.50196081 0.         0.
 0.         0.         0.         0.         0.         0.
 0.         0.         0.         0.         0.         0.
 0.         0.         0.         0.50196081 1.         1.
 0.50196081 0.50196081 0.50196081 0.50196081 0.74901962 1.
 1.         1.         0.         0.         0.         0.
 0.         0.         0.         0.         0.         0.
 0.         0.         0.         0.         0.         0.
 0.         0.         0.         0.         0.         0.
 0.         0.         0.         1.         1.         1.
 0.         0.         0.         0.         0.         0.
 0.         0.         0.         0.         0.         0.
 0.         0.         0.         0.         0.         0.
 0.         0.         0.         0.         0.         0.
 0.         0.74901962 1.         1.         0.         0.
 0.         0.         0.         0.         0.         0.
 0.         0.         0.         0.         0.         0.
 0.         0.         0.         0.         0.         0.
 0.         0.         0.         0.         0.         0.50196081
 1.         1.         0.         0.         0.         0.
 0.         0.         0.         0.         0.         0.
 0.         0.         0.         0.         0.         0.
 0.         0.         0.         0.         0.         0.
 0.         0.         0.         0.74901962 1.         1.
 0.         0.         0.         0.         0.         0.
 0.         0.         0.         0.         0.         0.
 0.         0.         0.         0.         0.         0.
 0.         0.         0.         0.         0.         0.
 0.         1.         1.         0.74901962 0.         0.
 0.         0.         0.         0.         0.         0.
 0.         0.         0.         0.         0.         0.
 0.         0.         0.         0.         0.         0.
 0.         0.         0.         0.         0.25098041 1.
 1.         0.         0.         0.         0.         0.
 0.         0.         0.         0.         0.         0.
 0.         0.         0.         0.         0.         0.
 0.         0.         0.         0.         0.         0.
 0.         0.         0.74901962 1.         0.74901962 0.
 0.         0.         0.         0.         0.         0.
 0.         0.         0.         0.         0.         0.
 0.         0.         0.         0.         0.         0.
 0.         0.         0.         0.         0.         0.74901962
 0.74901962 0.         0.         0.         0.         0.
 0.         0.         0.         0.         0.         0.
 0.         0.         0.         0.         0.         0.
 0.         0.         0.         0.         0.74901962 0.50196081
 0.50196081 0.50196081 1.         1.         1.         0.74901962
 0.25098041 0.         0.         0.         0.         0.
 0.         0.         0.         0.         0.         0.
 0.         0.         0.         0.         0.         0.
 0.25098041 0.50196081 1.         1.         1.         1.
 1.         1.         1.         0.         0.         0.
 0.         0.         0.         0.         0.         0.
 0.         0.         0.         0.         0.         0.
 0.         0.         0.         0.25098041 1.         1.
 1.         1.         1.         1.         1.         1.
 1.         1.         0.25098041 0.         0.         0.
 0.         0.         0.         0.         0.         0.
 0.         0.         0.         0.         0.         0.
 0.25098041 1.         1.         1.         1.         1.
 1.         1.         1.         1.         1.         1.
 1.         0.50196081 0.         0.         0.         0.
 0.         0.         0.         0.         0.         0.
 0.         0.         0.         0.         0.50196081 1.
 1.         1.         1.         1.         1.         1.
 0.50196081 0.         0.50196081 1.         1.         1.
 0.25098041 0.         0.         0.25098041 0.         0.
 0.         0.         0.         0.         0.         0.
 0.         0.         0.50196081 1.         1.         1.
 1.         1.         1.         0.50196081 0.         0.
 0.         0.50196081 1.         1.         1.         1.
 1.         0.25098041 0.         0.         0.         0.
 0.         0.         0.         0.         0.         0.
 0.50196081 1.         1.         1.         1.         0.74901962
 0.         0.         0.         0.         0.         0.
 0.         0.74901962 1.         1.         1.         0.25098041
 0.         0.         0.         0.         0.         0.
 0.         0.         0.         0.         0.50196081 1.
 1.         0.74901962 0.25098041 0.         0.         0.
 0.         0.         0.         0.         0.         0.
 0.50196081 0.74901962 0.74901962 0.         0.         0.
 0.         0.         0.         0.         0.         0.
 0.         0.         0.         0.         0.         0.
 0.         0.         0.         0.         0.         0.
 0.         0.         0.         0.         0.         0.
 0.         0.         0.         0.         0.         0.
 0.         0.         0.         0.         0.         0.
 0.         0.         0.         0.         0.         0.
 0.         0.         0.         0.         0.         0.
 0.         0.         0.         0.         0.         0.
 0.         0.         0.         0.         0.         0.
 0.         0.         0.         0.         0.         0.
 0.         0.         0.         0.         0.         0.
 0.         0.         0.         0.         0.         0.
 0.         0.         0.         0.         0.         0.
 0.         0.         0.         0.         0.         0.
 0.         0.         0.         0.         0.         0.
 0.         0.         0.         0.         0.         0.
 0.         0.         0.         0.         0.         0.
 0.         0.         0.         0.         0.         0.
 0.         0.         0.         0.         0.         0.
 0.         0.         0.         0.         0.         0.
 0.         0.         0.         0.         0.         0.
 0.         0.         0.         0.         0.         0.
 0.         0.         0.         0.        ]"
